% from location i, to location j, time [sec], distance [meters]
0, 0, 0.000000, 0.000000
0, 1, 465.252093, 5210.823437
0, 2, 211.030629, 2363.543049
0, 3, 340.389107, 3812.358000
0, 4, 233.934354, 2620.064769
0, 5, 111.235104, 1245.833161
0, 6, 380.038897, 4256.435647
0, 7, 334.624566, 3747.795143
0, 8, 264.139287, 2958.360016
0, 9, 40.012419, 448.139093
0, 10, 96.045577, 1075.710461
0, 11, 134.989605, 1511.883571
0, 12, 290.002544, 3248.028489
0, 13, 212.114671, 2375.684321
0, 14, 430.158932, 4817.780033
0, 15, 521.522572, 5841.052801
0, 16, 240.233893, 2690.619602
0, 17, 103.307108, 1157.039605
0, 18, 356.217496, 3989.635950
0, 19, 270.216770, 3026.427819
0, 20, 389.680293, 4364.419285
0, 21, 72.011910, 806.533393
0, 22, 341.076779, 3820.059925
0, 23, 261.985317, 2934.235553
0, 24, 296.737759, 3323.462897
0, 25, 389.647452, 4364.051465
0, 26, 200.314345, 2243.520665
0, 27, 401.561710, 4497.491155
0, 28, 418.818857, 4690.771193
0, 29, 433.878198, 4859.435813
0, 30, 268.645629, 3008.831046
0, 31, 471.825890, 5284.449970
0, 32, 504.454929, 5649.895202
0, 33, 115.770295, 1296.627302
0, 34, 427.511893, 4788.133201
0, 35, 157.523602, 1764.264341
0, 36, 339.646009, 3804.035297
0, 37, 422.083868, 4727.339318
0, 38, 240.091049, 2689.019744
0, 39, 282.837526, 3167.780291
0, 40, 467.490185, 5235.890074
0, 41, 290.781582, 3256.753723
0, 42, 106.306850, 1190.636720
0, 43, 350.985236, 3931.034647
0, 44, 338.551301, 3791.774570
0, 45, 287.223004, 3216.897641
0, 46, 30.638526, 343.151492
0, 47, 160.274921, 1795.079114
0, 48, 120.314000, 1347.516805
0, 49, 232.172478, 2600.331759
0, 50, 333.111986, 3730.854241
1, 0, 465.252093, 5210.823437
1, 1, 0.000000, 0.000000
1, 2, 329.394814, 3689.221920
1, 3, 203.280343, 2276.739847
1, 4, 313.328262, 3509.276532
1, 5, 385.815078, 4321.128869
1, 6, 107.783359, 1207.173617
1, 7, 162.288240, 1817.628283
1, 8, 300.214271, 3362.399834
1, 9, 439.641145, 4923.980830
1, 10, 391.231915, 4381.797444
1, 11, 333.886780, 3739.531933
1, 12, 281.114340, 3148.480609
1, 13, 294.360600, 3296.838719
1, 14, 96.684050, 1082.861356
1, 15, 126.250489, 1414.005477
1, 16, 320.454794, 3589.093694
1, 17, 443.772104, 4970.247562
1, 18, 116.138177, 1300.747586
1, 19, 237.949109, 2665.030024
1, 20, 126.887603, 1421.141151
1, 21, 400.420762, 4484.712530
1, 22, 265.658068, 2975.370356
1, 23, 284.383883, 3185.099491
1, 24, 212.993311, 2385.525087
1, 25, 151.857502, 1700.804022
1, 26, 315.901636, 3538.098324
1, 27, 192.916328, 2160.662870
1, 28, 125.611107, 1406.844398
1, 29, 138.180446, 1547.620992
1, 30, 304.720613, 3412.870864
1, 31, 61.926410, 693.575795
1, 32, 98.683796, 1105.258510
1, 33, 390.746764, 4376.363762
1, 34, 75.200769, 842.248610
1, 35, 338.948407, 3796.222162
1, 36, 150.399430, 1684.473620
1, 37, 69.714779, 780.805528
1, 38, 265.692970, 2975.761267
1, 39, 229.295153, 2568.105719
1, 40, 117.694881, 1318.182673
1, 41, 215.909624, 2418.187793
1, 42, 403.682067, 4521.239153
1, 43, 176.972697, 1982.094202
1, 44, 149.304723, 1672.212892
1, 45, 200.296918, 2243.325481
1, 46, 448.818536, 5026.767606
1, 47, 313.481198, 3510.989419
1, 48, 443.290584, 4964.854537
1, 49, 263.076686, 2946.458886
1, 50, 196.003222, 2195.236088
2, 0, 211.030629, 2363.543049
2, 1, 329.394814, 3689.221920
2, 2, 0.000000, 0.000000
2, 3, 177.959417, 1993.145472
2, 4, 44.828335, 502.077354
2, 5, 106.125994, 1188.611130
2, 6, 249.227816, 2791.351543
2, 7, 208.259802, 2332.509779
2, 8, 81.724613, 915.315665
2, 9, 177.926780, 1992.779932
2, 10, 168.610337, 1888.435775
2, 11, 139.248545, 1559.583709
2, 12, 107.900983, 1208.491014
2, 13, 67.169428, 752.297589
2, 14, 315.353268, 3531.956606
2, 15, 385.665293, 4319.451284
2, 16, 51.127874, 572.632187
2, 17, 139.078834, 1557.682941
2, 18, 219.856597, 2462.393883
2, 19, 226.743835, 2539.530955
2, 20, 227.250603, 2545.206757
2, 21, 161.349589, 1807.115398
2, 22, 166.957530, 1869.924337
2, 23, 79.883757, 894.698077
2, 24, 232.408080, 2602.970495
2, 25, 227.217762, 2544.838937
2, 26, 55.369101, 620.133934
2, 27, 228.750361, 2562.004039
2, 28, 384.448325, 4305.821238
2, 29, 271.448508, 3040.223285
2, 30, 86.230955, 965.786694
2, 31, 365.739579, 4096.283285
2, 32, 368.597650, 4128.293685
2, 33, 122.383475, 1370.694924
2, 34, 323.673454, 3625.142684
2, 35, 177.568227, 1988.764142
2, 36, 264.009662, 2956.908210
2, 37, 288.383998, 3229.900778
2, 38, 145.457955, 1629.129100
2, 39, 164.078644, 1837.680810
2, 40, 407.978915, 4569.363846
2, 41, 261.560300, 2929.475361
2, 42, 118.475821, 1326.929191
2, 43, 188.555546, 2111.822119
2, 44, 262.914954, 2944.647482
2, 45, 254.640504, 2851.973640
2, 46, 200.997774, 2251.175064
2, 47, 133.408938, 1494.180107
2, 48, 132.255169, 1481.257894
2, 49, 215.701968, 2415.862043
2, 50, 170.682296, 1911.641713
3, 0, 340.389107, 3812.358000
3, 1, 203.280343, 2276.739847
3, 2, 177.959417, 1993.145472
3, 3, 0.000000, 0.000000
3, 4, 152.579609, 1708.891623
3, 5, 234.379680, 2625.052421
3, 6, 132.035957, 1478.802723
3, 7, 93.215127, 1044.009420
3, 8, 139.465618, 1562.014925
3, 9, 307.285257, 3441.594884
3, 10, 278.904453, 3123.729875
3, 11, 221.559318, 2481.464363
3, 12, 120.365688, 1348.095700
3, 13, 142.925203, 1600.762271
3, 14, 198.161409, 2219.407786
3, 15, 259.550822, 2906.969211
3, 16, 159.706142, 1788.708785
3, 17, 292.336707, 3274.171114
3, 18, 102.664738, 1149.845063
3, 19, 167.394391, 1874.817177
3, 20, 79.745366, 893.148097
3, 21, 287.249913, 3217.199029
3, 22, 104.269799, 1167.821743
3, 23, 123.635231, 1384.714582
3, 24, 170.784712, 1912.788773
3, 25, 102.036391, 1142.807580
3, 26, 164.466239, 1842.021876
3, 27, 96.366658, 1079.306571
3, 28, 267.256466, 2993.272418
3, 29, 123.943270, 1388.164625
3, 30, 143.971960, 1612.485955
3, 31, 239.625108, 2683.801212
3, 32, 242.483180, 2715.811612
3, 33, 250.637162, 2807.136215
3, 34, 206.481595, 2312.593863
3, 35, 235.974230, 2642.911379
3, 36, 146.817803, 1644.359389
3, 37, 171.192139, 1917.351958
3, 38, 164.260147, 1839.713652
3, 39, 77.859756, 872.029270
3, 40, 290.787056, 3256.815026
3, 41, 202.210856, 2264.761583
3, 42, 252.246670, 2825.162705
3, 43, 63.374175, 709.790762
3, 44, 145.723095, 1632.098662
3, 45, 195.291059, 2187.259862
3, 46, 329.251460, 3687.616355
3, 47, 196.531381, 2201.151466
3, 48, 291.855187, 3268.778089
3, 49, 197.553000, 2212.593601
3, 50, 23.177058, 259.583053
4, 0, 233.934354, 2620.064769
4, 1, 313.328262, 3509.276532
4, 2, 44.828335, 502.077354
4, 3, 152.579609, 1708.891623
4, 4, 0.000000, 0.000000
4, 5, 129.029719, 1445.132850
4, 6, 233.161264, 2611.406155
4, 7, 192.193249, 2152.564391
4, 8, 42.973365, 481.301684
4, 9, 200.830505, 2249.301652
4, 10, 191.514062, 2144.957496
4, 11, 162.152270, 1816.105429
4, 12, 78.142632, 875.197481
4, 13, 59.277863, 663.912062
4, 14, 299.286716, 3352.011218
4, 15, 369.598741, 4139.505896
4, 16, 13.693286, 153.364808
4, 17, 176.408079, 1975.770489
4, 18, 203.790044, 2282.448495
4, 19, 219.795008, 2461.704095
4, 20, 201.870795, 2260.952908
4, 21, 184.253314, 2063.637118
4, 22, 137.199179, 1536.630804
4, 23, 50.125406, 561.404544
4, 24, 225.459253, 2525.143635
4, 25, 203.801314, 2282.574716
4, 26, 67.007132, 750.479880
4, 27, 201.418252, 2255.884426
4, 28, 368.381772, 4125.875850
4, 29, 246.068700, 2755.969436
4, 30, 47.479707, 531.772714
4, 31, 349.673027, 3916.337897
4, 32, 352.531098, 3948.348297
4, 33, 145.287200, 1627.216645
4, 34, 307.606901, 3445.197296
4, 35, 189.679706, 2124.412711
4, 36, 247.943109, 2776.962821
4, 37, 272.317446, 3049.955390
4, 38, 138.509129, 1551.302240
4, 39, 153.229707, 1716.172722
4, 40, 391.912362, 4389.418458
4, 41, 254.611473, 2851.648501
4, 42, 145.673456, 1631.542711
4, 43, 165.139098, 1849.557898
4, 44, 246.848401, 2764.702094
4, 45, 247.691677, 2774.146780
4, 46, 223.901499, 2507.696784
4, 47, 146.979793, 1646.173683
4, 48, 170.275445, 1907.084983
4, 49, 209.720988, 2348.875064
4, 50, 145.302488, 1627.387864
5, 0, 111.235104, 1245.833161
5, 1, 385.815078, 4321.128869
5, 2, 106.125994, 1188.611130
5, 3, 234.379680, 2625.052421
5, 4, 129.029719, 1445.132850
5, 5, 0.000000, 0.000000
5, 6, 301.061180, 3371.885219
5, 7, 255.646850, 2863.244716
5, 8, 158.758064, 1778.090318
5, 9, 79.349801, 888.717773
5, 10, 79.661489, 892.208675
5, 11, 82.824533, 927.634768
5, 12, 184.621321, 2067.758791
5, 13, 106.733448, 1195.414623
5, 14, 370.075421, 4144.844718
5, 15, 442.085557, 4951.358233
5, 16, 135.329257, 1515.687683
5, 17, 90.701592, 1015.857833
5, 18, 276.276860, 3094.300832
5, 19, 205.705999, 2303.907186
5, 20, 283.670867, 3177.113706
5, 21, 72.400741, 810.888298
5, 22, 235.067352, 2632.754346
5, 23, 156.604094, 1753.965855
5, 24, 228.880330, 2563.459695
5, 25, 283.638026, 3176.745886
5, 26, 94.933122, 1063.250967
5, 27, 295.552284, 3310.185576
5, 28, 375.632879, 4207.088242
5, 29, 327.868771, 3672.130234
5, 30, 163.264406, 1828.561348
5, 31, 422.159842, 4728.190234
5, 32, 425.017914, 4760.200634
5, 33, 21.384341, 239.504624
5, 34, 378.395607, 4238.030796
5, 35, 121.144214, 1356.815201
5, 36, 296.373571, 3319.383994
5, 37, 343.106151, 3842.788890
5, 38, 141.930205, 1589.618300
5, 39, 176.828099, 1980.474712
5, 40, 424.304207, 4752.207122
5, 41, 247.650193, 2773.682163
5, 42, 48.187643, 539.701599
5, 43, 244.975810, 2743.729068
5, 44, 295.278863, 3307.123266
5, 45, 243.950566, 2732.246337
5, 46, 99.998640, 1119.984763
5, 47, 83.550136, 935.761526
5, 48, 91.018743, 1019.409923
5, 49, 188.877847, 2115.431883
5, 50, 227.102559, 2543.548662
6, 0, 380.038897, 4256.435647
6, 1, 107.783359, 1207.173617
6, 2, 249.227816, 2791.351543
6, 3, 132.035957, 1478.802723
6, 4, 233.161264, 2611.406155
6, 5, 301.061180, 3371.885219
6, 6, 0.000000, 0.000000
6, 7, 77.075044, 863.240493
6, 8, 220.047273, 2464.529457
6, 9, 354.427950, 3969.593039
6, 10, 306.018719, 3427.409654
6, 11, 248.673584, 2785.144142
6, 12, 200.947342, 2250.610232
6, 13, 214.193602, 2398.968342
6, 14, 89.312001, 1000.294407
6, 15, 164.053838, 1837.402981
6, 16, 240.287796, 2691.223317
6, 17, 362.781519, 4063.153008
6, 18, 35.984727, 403.028938
6, 19, 152.735914, 1710.642234
6, 20, 98.632078, 1104.679270
6, 21, 315.207566, 3530.324740
6, 22, 185.491070, 2077.499979
6, 23, 204.216885, 2287.229114
6, 24, 124.895647, 1398.831246
6, 25, 110.347718, 1235.894438
6, 26, 235.734638, 2640.227947
6, 27, 181.063796, 2027.914514
6, 28, 152.905790, 1712.544851
6, 29, 148.998491, 1668.783094
6, 30, 224.553615, 2515.000487
6, 31, 141.946183, 1589.797253
6, 32, 146.986195, 1646.245382
6, 33, 305.533569, 3421.975972
6, 34, 97.632186, 1093.480484
6, 35, 253.096476, 2834.680526
6, 36, 62.301766, 697.779779
6, 37, 64.615134, 723.689498
6, 38, 180.479775, 2021.373477
6, 39, 149.128155, 1670.235341
6, 40, 181.937647, 2037.701647
6, 41, 127.453142, 1427.475189
6, 42, 318.928170, 3571.995503
6, 43, 96.805699, 1084.223825
6, 44, 61.207058, 685.519052
6, 45, 112.199254, 1256.631640
6, 46, 363.605341, 4072.379816
6, 47, 228.268003, 2556.601628
6, 48, 363.098669, 4066.705098
6, 49, 174.979022, 1959.765045
6, 50, 124.758836, 1397.298964
7, 0, 334.624566, 3747.795143
7, 1, 162.288240, 1817.628283
7, 2, 208.259802, 2332.509779
7, 3, 93.215127, 1044.009420
7, 4, 192.193249, 2152.564391
7, 5, 255.646850, 2863.244716
7, 6, 77.075044, 863.240493
7, 7, 0.000000, 0.000000
7, 8, 179.079258, 2005.687693
7, 9, 309.013619, 3460.952536
7, 10, 260.604388, 2918.769151
7, 11, 203.259253, 2276.503639
7, 12, 159.979328, 1791.768468
7, 13, 173.225587, 1940.126578
7, 14, 146.089285, 1636.199992
7, 15, 218.558719, 2447.857647
7, 16, 199.319782, 2232.381553
7, 17, 317.367188, 3554.512505
7, 18, 53.253643, 596.440797
7, 19, 107.321583, 1202.001730
7, 20, 101.928732, 1141.601802
7, 21, 269.793235, 3021.684236
7, 22, 146.670239, 1642.706676
7, 23, 163.248871, 1828.387350
7, 24, 93.557692, 1047.846153
7, 25, 97.398025, 1090.857880
7, 26, 194.766624, 2181.386183
7, 27, 155.734348, 1744.224696
7, 28, 212.295553, 2377.710188
7, 29, 167.759807, 1878.909843
7, 30, 183.585600, 2056.158723
7, 31, 198.633004, 2224.689648
7, 32, 201.491076, 2256.700048
7, 33, 260.119238, 2913.335468
7, 34, 154.409471, 1729.386070
7, 35, 208.320881, 2333.193869
7, 36, 91.856889, 1028.797160
7, 37, 119.120015, 1334.144165
7, 38, 135.065444, 1512.732973
7, 39, 108.160141, 1211.393578
7, 40, 238.714931, 2673.607233
7, 41, 125.033012, 1400.369737
7, 42, 273.513839, 3063.354999
7, 43, 58.735809, 657.841062
7, 44, 90.762181, 1016.536432
7, 45, 118.113216, 1322.868016
7, 46, 318.191010, 3563.739313
7, 47, 182.853672, 2047.961125
7, 48, 317.684339, 3558.064594
7, 49, 137.480192, 1539.778154
7, 50, 85.938005, 962.505660
8, 0, 264.139287, 2958.360016
8, 1, 300.214271, 3362.399834
8, 2, 81.724613, 915.315665
8, 3, 139.465618, 1562.014925
8, 4, 42.973365, 481.301684
8, 5, 158.758064, 1778.090318
8, 6, 220.047273, 2464.529457
8, 7, 179.079258, 2005.687693
8, 8, 0.000000, 0.000000
8, 9, 231.035437, 2587.596900
8, 10, 221.242407, 2477.914964
8, 11, 175.333268, 1963.732606
8, 12, 65.028641, 728.320783
8, 13, 62.603401, 701.158088
8, 14, 286.172725, 3205.134520
8, 15, 356.484750, 3992.629198
8, 16, 50.099897, 561.118846
8, 17, 207.098948, 2319.508219
8, 18, 190.676053, 2135.571797
8, 19, 221.865554, 2484.894209
8, 20, 188.756804, 2114.076210
8, 21, 213.981659, 2396.594586
8, 22, 124.085188, 1389.754106
8, 23, 37.011415, 414.527846
8, 24, 227.529799, 2548.333749
8, 25, 190.687323, 2135.698018
8, 26, 80.767013, 904.590546
8, 27, 188.304261, 2109.007728
8, 28, 355.267781, 3978.999152
8, 29, 232.954709, 2609.092738
8, 30, 21.973513, 246.103346
8, 31, 336.559036, 3769.461199
8, 32, 339.417107, 3801.471599
8, 33, 175.015546, 1960.174113
8, 34, 294.492910, 3298.320598
8, 35, 193.005244, 2161.658737
8, 36, 234.829118, 2630.086123
8, 37, 259.203455, 2903.078692
8, 38, 140.579674, 1574.492354
8, 39, 140.232895, 1570.608421
8, 40, 378.798371, 4242.541760
8, 41, 256.682019, 2874.838615
8, 42, 175.878389, 1969.837958
8, 43, 152.025107, 1702.681200
8, 44, 233.734410, 2617.825396
8, 45, 249.762223, 2797.336894
8, 46, 253.629844, 2840.654252
8, 47, 150.305331, 1683.419709
8, 48, 205.865116, 2305.689303
8, 49, 211.791534, 2372.065179
8, 50, 132.188497, 1480.511166
9, 0, 40.012419, 448.139093
9, 1, 439.641145, 4923.980830
9, 2, 177.926780, 1992.779932
9, 3, 307.285257, 3441.594884
9, 4, 200.830505, 2249.301652
9, 5, 79.349801, 888.717773
9, 6, 354.427950, 3969.593039
9, 7, 309.013619, 3460.952536
9, 8, 231.035437, 2587.596900
9, 9, 0.000000, 0.000000
9, 10, 83.249490, 932.394283
9, 11, 109.378658, 1225.040964
9, 12, 256.898694, 2877.265373
9, 13, 179.010822, 2004.921204
9, 14, 404.547984, 4530.937426
9, 15, 495.911624, 5554.210194
9, 16, 207.130043, 2319.856485
9, 17, 71.563562, 801.511891
9, 18, 330.606548, 3702.793343
9, 19, 244.605822, 2739.585212
9, 20, 356.576444, 3993.656169
9, 21, 64.159542, 718.586875
9, 22, 307.972929, 3449.296809
9, 23, 228.881467, 2563.472436
9, 24, 271.126812, 3036.620290
9, 25, 356.543603, 3993.288349
9, 26, 167.210495, 1872.757549
9, 27, 368.457861, 4126.728039
9, 28, 393.207909, 4403.928586
9, 29, 400.774348, 4488.672697
9, 30, 235.541779, 2638.067930
9, 31, 446.214943, 4997.607362
9, 32, 478.843982, 5363.052594
9, 33, 83.884992, 939.511914
9, 34, 401.900946, 4501.290594
9, 35, 131.912655, 1477.421734
9, 36, 314.035062, 3517.192690
9, 37, 396.472921, 4440.496711
9, 38, 213.801601, 2394.577932
9, 39, 249.733676, 2797.017174
9, 40, 441.879238, 4949.047467
9, 41, 265.170635, 2969.911116
9, 42, 73.203000, 819.873603
9, 43, 317.881387, 3560.271530
9, 44, 312.940354, 3504.931963
9, 45, 261.612057, 2930.055033
9, 46, 45.924271, 514.351834
9, 47, 131.319490, 1470.778283
9, 48, 88.570455, 991.989090
9, 49, 206.561531, 2313.489152
9, 50, 300.008136, 3360.091124
10, 0, 96.045577, 1075.710461
10, 1, 391.231915, 4381.797444
10, 2, 168.610337, 1888.435775
10, 3, 278.904453, 3123.729875
10, 4, 191.514062, 2144.957496
10, 5, 79.661489, 892.208675
10, 6, 306.018719, 3427.409654
10, 7, 260.604388, 2918.769151
10, 8, 221.242407, 2477.914964
10, 9, 83.249490, 932.394283
10, 10, 0.000000, 0.000000
10, 11, 60.969427, 682.857579
10, 12, 246.156326, 2756.950849
10, 13, 169.217792, 1895.239268
10, 14, 343.440430, 3846.532818
10, 15, 447.502394, 5012.026808
10, 16, 197.813601, 2215.512328
10, 17, 126.525218, 1417.082444
10, 18, 282.197318, 3160.609958
10, 19, 183.498268, 2055.180604
10, 20, 328.195639, 3675.791160
10, 21, 31.214246, 349.599554
10, 22, 279.592125, 3131.431800
10, 23, 219.088437, 2453.790500
10, 24, 210.019257, 2352.215682
10, 25, 328.162798, 3675.423340
10, 26, 157.417465, 1763.075613
10, 27, 340.077056, 3808.863030
10, 28, 332.100355, 3719.523978
10, 29, 372.393544, 4170.807688
10, 30, 225.748749, 2528.385994
10, 31, 385.107389, 4313.202754
10, 32, 430.434751, 4820.869209
10, 33, 76.613379, 858.069840
10, 34, 340.793392, 3816.885986
10, 35, 79.019709, 885.020738
10, 36, 252.927507, 2832.788082
10, 37, 348.063690, 3898.313326
10, 38, 166.070871, 1859.993752
10, 39, 221.352872, 2479.152165
10, 40, 380.771684, 4264.642859
10, 41, 204.063081, 2285.506508
10, 42, 102.428992, 1147.204710
10, 43, 289.500582, 3242.406521
10, 44, 251.832800, 2820.527355
10, 45, 200.504502, 2245.650425
10, 46, 79.612021, 891.654630
10, 47, 86.996186, 974.357282
10, 48, 138.149129, 1547.270240
10, 49, 145.453977, 1629.084544
10, 50, 271.627332, 3042.226116
11, 0, 134.989605, 1511.883571
11, 1, 333.886780, 3739.531933
11, 2, 139.248545, 1559.583709
11, 3, 221.559318, 2481.464363
11, 4, 162.152270, 1816.105429
11, 5, 82.824533, 927.634768
11, 6, 248.673584, 2785.144142
11, 7, 203.259253, 2276.503639
11, 8, 175.333268, 1963.732606
11, 9, 109.378658, 1225.040964
11, 10, 60.969427, 682.857579
11, 11, 0.000000, 0.000000
11, 12, 188.811191, 2114.685337
11, 13, 116.699385, 1307.033110
11, 14, 317.687825, 3558.103642
11, 15, 390.157259, 4369.761297
11, 16, 168.451809, 1886.660261
11, 17, 151.905710, 1701.343953
11, 18, 224.852183, 2518.344446
11, 19, 145.797904, 1632.936522
11, 20, 270.850504, 3033.525648
11, 21, 70.158274, 785.772664
11, 22, 222.246990, 2489.166288
11, 23, 173.179298, 1939.608142
11, 24, 176.492734, 1976.718618
11, 25, 270.817663, 3033.157828
11, 26, 128.055674, 1434.223546
11, 27, 282.731921, 3166.597518
11, 28, 306.893010, 3437.201717
11, 29, 315.048409, 3528.542176
11, 30, 179.839610, 2014.203636
11, 31, 359.900044, 4030.880493
11, 32, 373.089616, 4178.603697
11, 33, 79.776423, 893.495932
11, 34, 315.586047, 3534.563725
11, 35, 41.943973, 469.772500
11, 36, 227.720163, 2550.465821
11, 37, 290.718555, 3256.047814
11, 38, 108.725736, 1217.728240
11, 39, 164.007737, 1836.886653
11, 40, 355.564339, 3982.320598
11, 41, 178.855736, 2003.184247
11, 42, 118.174647, 1323.556042
11, 43, 232.155447, 2600.141009
11, 44, 226.625455, 2538.205094
11, 45, 175.297158, 1963.328164
11, 46, 118.556048, 1327.827741
11, 47, 29.651051, 332.091770
11, 48, 157.921437, 1768.720090
11, 49, 120.246632, 1346.762283
11, 50, 214.282197, 2399.960604
12, 0, 290.002544, 3248.028489
12, 1, 281.114340, 3148.480609
12, 2, 107.900983, 1208.491014
12, 3, 120.365688, 1348.095700
12, 4, 78.142632, 875.197481
12, 5, 184.621321, 2067.758791
12, 6, 200.947342, 2250.610232
12, 7, 159.979328, 1791.768468
12, 8, 65.028641, 728.320783
12, 9, 256.898694, 2877.265373
12, 10, 246.156326, 2756.950849
12, 11, 188.811191, 2114.685337
12, 12, 0.000000, 0.000000
12, 13, 88.466657, 990.826560
12, 14, 267.072794, 2991.215295
12, 15, 337.384819, 3778.709973
12, 16, 85.269164, 955.014642
12, 17, 232.962205, 2609.176692
12, 18, 171.576123, 1921.652572
12, 19, 212.797900, 2383.336481
12, 20, 169.656874, 1900.156985
12, 21, 239.844916, 2686.263059
12, 22, 104.795301, 1173.707372
12, 23, 49.008297, 548.892931
12, 24, 218.462145, 2446.776021
12, 25, 171.587392, 1921.778793
12, 26, 106.630270, 1194.259018
12, 27, 169.204331, 1895.088503
12, 28, 336.167851, 3765.079927
12, 29, 213.854778, 2395.173513
12, 30, 69.534983, 778.791812
12, 31, 317.459105, 3555.541974
12, 32, 320.317176, 3587.552374
12, 33, 200.878802, 2249.842586
12, 34, 275.392980, 3084.401373
12, 35, 203.226103, 2276.132353
12, 36, 215.729187, 2416.166898
12, 37, 240.103524, 2689.159467
12, 38, 131.512020, 1472.934626
12, 39, 121.132964, 1356.689196
12, 40, 359.698441, 4028.622535
12, 41, 247.614365, 2773.280887
12, 42, 201.741646, 2259.506431
12, 43, 132.925176, 1488.761975
12, 44, 214.634480, 2403.906171
12, 45, 240.694568, 2695.779166
12, 46, 279.493100, 3130.322725
12, 47, 163.783254, 1834.372440
12, 48, 231.728373, 2595.357776
12, 49, 217.467285, 2435.633588
12, 50, 113.088566, 1266.591941
13, 0, 212.114671, 2375.684321
13, 1, 294.360600, 3296.838719
13, 2, 67.169428, 752.297589
13, 3, 142.925203, 1600.762271
13, 4, 59.277863, 663.912062
13, 5, 106.733448, 1195.414623
13, 6, 214.193602, 2398.968342
13, 7, 173.225587, 1940.126578
13, 8, 62.603401, 701.158088
13, 9, 179.010822, 2004.921204
13, 10, 169.217792, 1895.239268
13, 11, 116.699385, 1307.033110
13, 12, 88.466657, 990.826560
13, 13, 0.000000, 0.000000
13, 14, 280.319054, 3139.573405
13, 15, 350.631079, 3927.068083
13, 16, 67.975748, 761.328376
13, 17, 156.612865, 1754.064088
13, 18, 184.822382, 2070.010682
13, 19, 164.993688, 1847.929306
13, 20, 192.216389, 2152.823556
13, 21, 161.957044, 1813.918890
13, 22, 137.376990, 1538.622290
13, 23, 60.449431, 677.033624
13, 24, 170.657933, 1911.368846
13, 25, 192.183548, 2152.455736
13, 26, 28.742397, 321.914850
13, 27, 197.861921, 2216.053520
13, 28, 327.172212, 3664.328772
13, 29, 236.414293, 2647.840084
13, 30, 67.109743, 751.629118
13, 31, 330.705365, 3703.900084
13, 32, 333.563436, 3735.910484
13, 33, 122.990930, 1377.498417
13, 34, 288.639239, 3232.759482
13, 35, 134.371361, 1504.959241
13, 36, 228.975447, 2564.525008
13, 37, 253.349784, 2837.517577
13, 38, 83.707808, 937.527451
13, 39, 118.605702, 1328.383863
13, 40, 372.944700, 4176.980645
13, 41, 199.810153, 2237.873712
13, 42, 123.853773, 1387.162262
13, 43, 153.521332, 1719.438918
13, 44, 227.880739, 2552.264281
13, 45, 192.890356, 2160.371991
13, 46, 201.605228, 2257.978556
13, 47, 91.671448, 1026.720213
13, 48, 156.930016, 1757.616178
13, 49, 154.919667, 1735.100276
13, 50, 135.648081, 1519.258512
14, 0, 430.158932, 4817.780033
14, 1, 96.684050, 1082.861356
14, 2, 315.353268, 3531.956606
14, 3, 198.161409, 2219.407786
14, 4, 299.286716, 3352.011218
14, 5, 370.075421, 4144.844718
14, 6, 89.312001, 1000.294407
14, 7, 146.089285, 1636.199992
14, 8, 286.172725, 3205.134520
14, 9, 404.547984, 4530.937426
14, 10, 343.440430, 3846.532818
14, 11, 317.687825, 3558.103642
14, 12, 267.072794, 2991.215295
14, 13, 280.319054, 3139.573405
14, 14, 0.000000, 0.000000
14, 15, 152.954529, 1713.090720
14, 16, 306.413248, 3431.828380
14, 17, 429.730558, 4812.982248
14, 18, 101.909368, 1141.384917
14, 19, 207.369439, 2322.537722
14, 20, 144.349351, 1616.712731
14, 21, 365.327601, 4091.669126
14, 22, 251.616522, 2818.105042
14, 23, 270.342337, 3027.834177
14, 24, 189.553607, 2123.000400
14, 25, 169.319250, 1896.375602
14, 26, 301.860090, 3380.833010
14, 27, 210.378076, 2356.234450
14, 28, 127.377424, 1426.627146
14, 29, 155.642194, 1743.192572
14, 30, 290.679067, 3255.605550
14, 31, 79.469735, 890.061027
14, 32, 135.886886, 1521.933121
14, 33, 374.547810, 4194.935471
14, 34, 35.155737, 393.744258
14, 35, 287.143136, 3216.003121
14, 36, 134.200476, 1503.045329
14, 37, 53.515825, 599.377237
14, 38, 249.494016, 2794.332976
14, 39, 215.253608, 2410.840404
14, 40, 119.461198, 1337.965421
14, 41, 153.017931, 1713.800823
14, 42, 387.942411, 4344.955002
14, 43, 162.931151, 1824.828888
14, 44, 133.105768, 1490.784601
14, 45, 161.014217, 1803.359228
14, 46, 413.725375, 4633.724203
14, 47, 297.282244, 3329.561128
14, 48, 429.249038, 4807.589223
14, 49, 209.042751, 2341.278812
14, 50, 190.884288, 2137.904026
15, 0, 521.522572, 5841.052801
15, 1, 126.250489, 1414.005477
15, 2, 385.665293, 4319.451284
15, 3, 259.550822, 2906.969211
15, 4, 369.598741, 4139.505896
15, 5, 442.085557, 4951.358233
15, 6, 164.053838, 1837.402981
15, 7, 218.558719, 2447.857647
15, 8, 356.484750, 3992.629198
15, 9, 495.911624, 5554.210194
15, 10, 447.502394, 5012.026808
15, 11, 390.157259, 4369.761297
15, 12, 337.384819, 3778.709973
15, 13, 350.631079, 3927.068083
15, 14, 152.954529, 1713.090720
15, 15, 0.000000, 0.000000
15, 16, 376.725273, 4219.323058
15, 17, 500.042583, 5600.476926
15, 18, 172.408656, 1930.976950
15, 19, 294.219588, 3295.259388
15, 20, 183.158082, 2051.370515
15, 21, 456.691241, 5114.941894
15, 22, 321.928546, 3605.599720
15, 23, 340.654362, 3815.328855
15, 24, 269.263790, 3015.754451
15, 25, 208.127981, 2331.033386
15, 26, 372.172115, 4168.327688
15, 27, 249.186807, 2790.892234
15, 28, 214.445119, 2401.785338
15, 29, 194.450925, 2177.850356
15, 30, 360.991092, 4043.100228
15, 31, 147.575826, 1652.849252
15, 32, 80.572716, 902.414423
15, 33, 447.017243, 5006.593126
15, 34, 161.274714, 1806.276798
15, 35, 395.218886, 4426.451526
15, 36, 206.669909, 2314.702984
15, 37, 125.985258, 1411.034892
15, 38, 321.963449, 3605.990631
15, 39, 285.565632, 3198.335083
15, 40, 206.528894, 2313.123612
15, 41, 272.180103, 3048.417157
15, 42, 459.952546, 5151.468517
15, 43, 233.243176, 2612.323566
15, 44, 205.575201, 2302.442256
15, 45, 256.567397, 2873.554845
15, 46, 505.089015, 5656.996970
15, 47, 369.751677, 4141.218783
15, 48, 499.561063, 5595.083901
15, 49, 319.347165, 3576.688250
15, 50, 252.273701, 2825.465452
16, 0, 240.233893, 2690.619602
16, 1, 320.454794, 3589.093694
16, 2, 51.127874, 572.632187
16, 3, 159.706142, 1788.708785
16, 4, 13.693286, 153.364808
16, 5, 135.329257, 1515.687683
16, 6, 240.287796, 2691.223317
16, 7, 199.319782, 2232.381553
16, 8, 50.099897, 561.118846
16, 9, 207.130043, 2319.856485
16, 10, 197.813601, 2215.512328
16, 11, 168.451809, 1886.660261
16, 12, 85.269164, 955.014642
16, 13, 67.975748, 761.328376
16, 14, 306.413248, 3431.828380
16, 15, 376.725273, 4219.323058
16, 16, 0.000000, 0.000000
16, 17, 182.707618, 2046.325322
16, 18, 210.916577, 2362.265657
16, 19, 228.492894, 2559.120409
16, 20, 208.997328, 2340.770070
16, 21, 190.552853, 2134.191951
16, 22, 144.325711, 1616.447966
16, 23, 57.251938, 641.221706
16, 24, 234.157138, 2622.559949
16, 25, 210.927846, 2362.391878
16, 26, 74.209695, 831.148582
16, 27, 208.544785, 2335.701588
16, 28, 375.508305, 4205.693012
16, 29, 253.195232, 2835.786598
16, 30, 54.606239, 611.589876
16, 31, 356.799559, 3996.155059
16, 32, 359.657630, 4028.165459
16, 33, 151.586739, 1697.771477
16, 34, 314.733434, 3525.014457
16, 35, 198.377592, 2221.829026
16, 36, 255.069641, 2856.779983
16, 37, 279.443978, 3129.772552
16, 38, 147.207014, 1648.718554
16, 39, 160.473418, 1797.302281
16, 40, 399.038895, 4469.235620
16, 41, 263.309358, 2949.064815
16, 42, 151.972995, 1702.097544
16, 43, 172.265630, 1929.375059
16, 44, 253.974934, 2844.519256
16, 45, 256.389562, 2871.563094
16, 46, 230.201037, 2578.251617
16, 47, 155.677678, 1743.589998
16, 48, 176.574984, 1977.639816
16, 49, 218.418873, 2446.291379
16, 50, 152.429020, 1707.205026
17, 0, 103.307108, 1157.039605
17, 1, 443.772104, 4970.247562
17, 2, 139.078834, 1557.682941
17, 3, 292.336707, 3274.171114
17, 4, 176.408079, 1975.770489
17, 5, 90.701592, 1015.857833
17, 6, 362.781519, 4063.153008
17, 7, 317.367188, 3554.512505
17, 8, 207.098948, 2319.508219
17, 9, 71.563562, 801.511891
17, 10, 126.525218, 1417.082444
17, 11, 151.905710, 1701.343953
17, 12, 232.962205, 2609.176692
17, 13, 156.612865, 1754.064088
17, 14, 429.730558, 4812.982248
17, 15, 500.042583, 5600.476926
17, 16, 182.707618, 2046.325322
17, 17, 0.000000, 0.000000
17, 18, 334.233886, 3743.419525
17, 19, 274.787176, 3077.616371
17, 20, 341.627893, 3826.232399
17, 21, 116.366045, 1303.299709
17, 22, 286.788494, 3212.031133
17, 23, 204.944978, 2295.383755
17, 24, 290.600668, 3254.727484
17, 25, 341.595052, 3825.864579
17, 26, 144.812539, 1621.900433
17, 27, 347.273425, 3889.462363
17, 28, 436.483638, 4888.616748
17, 29, 385.825797, 4321.248927
17, 30, 211.605290, 2369.979249
17, 31, 480.116869, 5377.308927
17, 32, 482.974940, 5409.319327
17, 33, 99.931256, 1119.230072
17, 34, 438.050743, 4906.168325
17, 35, 175.188384, 1962.109895
17, 36, 357.310790, 4001.880852
17, 37, 402.761287, 4510.926420
17, 38, 203.650544, 2280.886089
17, 39, 238.548438, 2671.742500
17, 40, 485.154967, 5433.735629
17, 41, 308.446364, 3454.599278
17, 42, 55.018198, 616.203816
17, 43, 302.932836, 3392.847761
17, 44, 356.216083, 3989.620124
17, 45, 304.887785, 3414.743195
17, 46, 109.984774, 1231.829473
17, 47, 152.631313, 1709.470711
17, 48, 18.925425, 211.964760
17, 49, 249.837260, 2798.177313
17, 50, 285.059585, 3192.667355
18, 0, 356.217496, 3989.635950
18, 1, 116.138177, 1300.747586
18, 2, 219.856597, 2462.393883
18, 3, 102.664738, 1149.845063
18, 4, 203.790044, 2282.448495
18, 5, 276.276860, 3094.300832
18, 6, 35.984727, 403.028938
18, 7, 53.253643, 596.440797
18, 8, 190.676053, 2135.571797
18, 9, 330.606548, 3702.793343
18, 10, 282.197318, 3160.609958
18, 11, 224.852183, 2518.344446
18, 12, 171.576123, 1921.652572
18, 13, 184.822382, 2070.010682
18, 14, 101.909368, 1141.384917
18, 15, 172.408656, 1930.976950
18, 16, 210.916577, 2362.265657
18, 17, 334.233886, 3743.419525
18, 18, 0.000000, 0.000000
18, 19, 128.914512, 1443.842537
18, 20, 66.453192, 744.275750
18, 21, 291.386165, 3263.525043
18, 22, 156.119850, 1748.542319
18, 23, 174.845666, 1958.271454
18, 24, 113.151946, 1267.301800
18, 25, 80.976498, 906.936778
18, 26, 206.363419, 2311.270287
18, 27, 148.884910, 1667.510994
18, 28, 171.773729, 1923.865760
18, 29, 116.819605, 1308.379574
18, 30, 195.182395, 2186.042827
18, 31, 152.482942, 1707.808950
18, 32, 155.341013, 1739.819350
18, 33, 281.712167, 3155.176275
18, 34, 110.229553, 1234.570994
18, 35, 229.913810, 2575.034676
18, 36, 51.335065, 574.952731
18, 37, 74.940097, 839.329089
18, 38, 156.658373, 1754.573780
18, 39, 119.756936, 1341.277682
18, 40, 194.535014, 2178.792157
18, 41, 116.845259, 1308.666904
18, 42, 294.143850, 3294.411116
18, 43, 67.434479, 755.266165
18, 44, 50.240357, 562.692004
18, 45, 101.232553, 1133.804592
18, 46, 339.783939, 3805.580120
18, 47, 204.446601, 2289.801932
18, 48, 333.752366, 3738.026500
18, 49, 159.073122, 1781.618961
18, 50, 95.387616, 1068.341304
19, 0, 270.216770, 3026.427819
19, 1, 237.949109, 2665.030024
19, 2, 226.743835, 2539.530955
19, 3, 167.394391, 1874.817177
19, 4, 219.795008, 2461.704095
19, 5, 205.705999, 2303.907186
19, 6, 152.735914, 1710.642234
19, 7, 107.321583, 1202.001730
19, 8, 221.865554, 2484.894209
19, 9, 244.605822, 2739.585212
19, 10, 183.498268, 2055.180604
19, 11, 145.797904, 1632.936522
19, 12, 212.797900, 2383.336481
19, 13, 164.993688, 1847.929306
19, 14, 207.369439, 2322.537722
19, 15, 294.219588, 3295.259388
19, 16, 228.492894, 2559.120409
19, 17, 274.787176, 3077.616371
19, 18, 128.914512, 1443.842537
19, 19, 0.000000, 0.000000
19, 20, 186.717022, 2091.230643
19, 21, 205.385439, 2300.316912
19, 22, 220.849503, 2473.514433
19, 23, 210.811931, 2361.093623
19, 24, 59.931617, 671.234109
19, 25, 182.186314, 2040.486721
19, 26, 188.316805, 2109.148216
19, 27, 233.306869, 2613.036937
19, 28, 196.098755, 2196.306061
19, 29, 243.420677, 2726.311584
19, 30, 226.371896, 2535.365239
19, 31, 249.105789, 2789.984837
19, 32, 277.151945, 3104.101789
19, 33, 202.657888, 2269.768351
19, 34, 204.791792, 2293.668069
19, 35, 127.200974, 1424.650907
19, 36, 116.839448, 1308.601813
19, 37, 194.780884, 2181.545905
19, 38, 102.634680, 1149.508412
19, 39, 182.339405, 2042.201335
19, 40, 244.770084, 2741.424942
19, 41, 68.736696, 769.851001
19, 42, 241.056113, 2699.828461
19, 43, 144.542126, 1618.871812
19, 44, 115.744740, 1296.341086
19, 45, 64.416443, 721.464156
19, 46, 253.783213, 2842.371989
19, 47, 125.392322, 1404.394008
19, 48, 280.802903, 3144.992509
19, 49, 49.083520, 549.735426
19, 50, 160.117269, 1793.313418
20, 0, 389.680293, 4364.419285
20, 1, 126.887603, 1421.141151
20, 2, 227.250603, 2545.206757
20, 3, 79.745366, 893.148097
20, 4, 201.870795, 2260.952908
20, 5, 283.670867, 3177.113706
20, 6, 98.632078, 1104.679270
20, 7, 101.928732, 1141.601802
20, 8, 188.756804, 2114.076210
20, 9, 356.576444, 3993.656169
20, 10, 328.195639, 3675.791160
20, 11, 270.850504, 3033.525648
20, 12, 169.656874, 1900.156985
20, 13, 192.216389, 2152.823556
20, 14, 144.349351, 1616.712731
20, 15, 183.158082, 2051.370515
20, 16, 208.997328, 2340.770070
20, 17, 341.627893, 3826.232399
20, 18, 66.453192, 744.275750
20, 19, 186.717022, 2091.230643
20, 20, 0.000000, 0.000000
20, 21, 336.541100, 3769.260315
20, 22, 153.560985, 1719.883029
20, 23, 172.926417, 1936.775867
20, 24, 170.954456, 1914.689906
20, 25, 28.322524, 317.212271
20, 26, 213.757425, 2394.083161
20, 27, 85.784343, 960.784644
20, 28, 226.917064, 2541.471118
20, 29, 72.775017, 815.080189
20, 30, 193.263146, 2164.547240
20, 31, 163.232367, 1828.202516
20, 32, 166.090439, 1860.212916
20, 33, 299.928348, 3359.197501
20, 34, 152.669536, 1709.898809
20, 35, 285.265416, 3194.972664
20, 36, 115.474817, 1293.317954
20, 37, 117.380081, 1314.656903
20, 38, 213.551334, 2391.774937
20, 39, 127.150942, 1424.090556
20, 40, 219.000839, 2452.809393
20, 41, 180.985011, 2027.032127
20, 42, 301.537856, 3377.223990
20, 43, 71.336840, 798.972604
20, 44, 114.380109, 1281.057226
20, 45, 165.372305, 1852.169815
20, 46, 378.542646, 4239.677640
20, 47, 245.822567, 2753.212751
20, 48, 341.146373, 3820.839374
20, 49, 216.875631, 2429.007067
20, 50, 72.468244, 811.644338
21, 0, 72.011910, 806.533393
21, 1, 400.420762, 4484.712530
21, 2, 161.349589, 1807.115398
21, 3, 287.249913, 3217.199029
21, 4, 184.253314, 2063.637118
21, 5, 72.400741, 810.888298
21, 6, 315.207566, 3530.324740
21, 7, 269.793235, 3021.684236
21, 8, 213.981659, 2396.594586
21, 9, 64.159542, 718.586875
21, 10, 31.214246, 349.599554
21, 11, 70.158274, 785.772664
21, 12, 239.844916, 2686.263059
21, 13, 161.957044, 1813.918890
21, 14, 365.327601, 4091.669126
21, 15, 456.691241, 5114.941894
21, 16, 190.552853, 2134.191951
21, 17, 116.366045, 1303.299709
21, 18, 291.386165, 3263.525043
21, 19, 205.385439, 2300.316912
21, 20, 336.541100, 3769.260315
21, 21, 0.000000, 0.000000
21, 22, 287.937585, 3224.900954
21, 23, 211.827690, 2372.470122
21, 24, 231.906428, 2597.351990
21, 25, 336.508258, 3768.892494
21, 26, 150.156717, 1681.755235
21, 27, 348.422516, 3902.332185
21, 28, 353.987526, 3964.660286
21, 29, 380.739004, 4264.276842
21, 30, 218.488001, 2447.065616
21, 31, 406.994559, 4558.339062
21, 32, 439.623598, 4923.784295
21, 33, 69.352631, 776.749463
21, 34, 362.680562, 4062.022294
21, 35, 92.692271, 1038.153434
21, 36, 274.814678, 3077.924390
21, 37, 357.252537, 4001.228411
21, 38, 175.259718, 1962.908837
21, 39, 229.698332, 2572.621320
21, 40, 402.658854, 4509.779167
21, 41, 225.950251, 2530.642816
21, 42, 93.873292, 1051.380874
21, 43, 297.846042, 3335.875676
21, 44, 273.719970, 3065.663663
21, 45, 222.391673, 2490.786733
21, 46, 55.578354, 622.477562
21, 47, 96.185033, 1077.272367
21, 48, 127.989956, 1433.487505
21, 49, 167.341147, 1874.220852
21, 50, 279.972792, 3135.695270
22, 0, 341.076779, 3820.059925
22, 1, 265.658068, 2975.370356
22, 2, 166.957530, 1869.924337
22, 3, 104.269799, 1167.821743
22, 4, 137.199179, 1536.630804
22, 5, 235.067352, 2632.754346
22, 6, 185.491070, 2077.499979
22, 7, 146.670239, 1642.706676
22, 8, 124.085188, 1389.754106
22, 9, 307.972929, 3449.296809
22, 10, 279.592125, 3131.431800
22, 11, 222.246990, 2489.166288
22, 12, 104.795301, 1173.707372
22, 13, 137.376990, 1538.622290
22, 14, 251.616522, 2818.105042
22, 15, 321.928546, 3605.599720
22, 16, 144.325711, 1616.447966
22, 17, 286.788494, 3212.031133
22, 18, 156.119850, 1748.542319
22, 19, 220.849503, 2473.514433
22, 20, 153.560985, 1719.883029
22, 21, 287.937585, 3224.900954
22, 22, 0.000000, 0.000000
22, 23, 108.064844, 1210.326254
22, 24, 224.239824, 2511.486029
22, 25, 155.491503, 1741.504836
22, 26, 158.918026, 1779.881895
22, 27, 145.754399, 1632.449268
22, 28, 320.711578, 3591.969674
22, 29, 197.758889, 2214.899556
22, 30, 128.591530, 1440.225136
22, 31, 302.002832, 3382.431721
22, 32, 304.860904, 3414.442121
22, 33, 251.324834, 2814.838140
22, 34, 259.936707, 2911.291119
22, 35, 236.661902, 2650.613304
22, 36, 200.272915, 2243.056645
22, 37, 224.647251, 2516.049214
22, 38, 164.947819, 1847.415577
22, 39, 111.275109, 1246.281225
22, 40, 344.242168, 3855.512282
22, 41, 255.665968, 2863.458839
22, 42, 252.934342, 2832.864630
22, 43, 116.829287, 1308.488018
22, 44, 199.178207, 2230.795918
22, 45, 248.746171, 2785.957118
22, 46, 329.939132, 3695.318280
22, 47, 197.219053, 2208.853391
22, 48, 286.306974, 3206.638108
22, 49, 250.903084, 2810.114539
22, 50, 96.992677, 1086.317984
23, 0, 261.985317, 2934.235553
23, 1, 284.383883, 3185.099491
23, 2, 79.883757, 894.698077
23, 3, 123.635231, 1384.714582
23, 4, 50.125406, 561.404544
23, 5, 156.604094, 1753.965855
23, 6, 204.216885, 2287.229114
23, 7, 163.248871, 1828.387350
23, 8, 37.011415, 414.527846
23, 9, 228.881467, 2563.472436
23, 10, 219.088437, 2453.790500
23, 11, 173.179298, 1939.608142
23, 12, 49.008297, 548.892931
23, 13, 60.449431, 677.033624
23, 14, 270.342337, 3027.834177
23, 15, 340.654362, 3815.328855
23, 16, 57.251938, 641.221706
23, 17, 204.944978, 2295.383755
23, 18, 174.845666, 1958.271454
23, 19, 210.811931, 2361.093623
23, 20, 172.926417, 1936.775867
23, 21, 211.827690, 2372.470122
23, 22, 108.064844, 1210.326254
23, 23, 0.000000, 0.000000
23, 24, 216.476175, 2424.533163
23, 25, 174.856935, 1958.397675
23, 26, 78.613043, 880.466082
23, 27, 172.473874, 1931.707385
23, 28, 339.437394, 3801.698809
23, 29, 217.124321, 2431.792395
23, 30, 41.517757, 464.998876
23, 31, 320.728648, 3592.160856
23, 32, 323.586719, 3624.171256
23, 33, 172.861576, 1936.049649
23, 34, 278.662523, 3121.020254
23, 35, 190.851274, 2137.534273
23, 36, 218.998730, 2452.785780
23, 37, 243.373067, 2725.778349
23, 38, 129.526051, 1450.691768
23, 39, 124.402507, 1393.308078
23, 40, 362.967984, 4065.241417
23, 41, 245.628395, 2751.038029
23, 42, 173.724419, 1945.713494
23, 43, 136.194719, 1525.380856
23, 44, 217.904023, 2440.525053
23, 45, 238.708599, 2673.536308
23, 46, 251.475874, 2816.529788
23, 47, 148.151361, 1659.295245
23, 48, 203.711146, 2281.564839
23, 49, 209.637564, 2347.940715
23, 50, 116.358109, 1303.210823
24, 0, 296.737759, 3323.462897
24, 1, 212.993311, 2385.525087
24, 2, 232.408080, 2602.970495
24, 3, 170.784712, 1912.788773
24, 4, 225.459253, 2525.143635
24, 5, 228.880330, 2563.459695
24, 6, 124.895647, 1398.831246
24, 7, 93.557692, 1047.846153
24, 8, 227.529799, 2548.333749
24, 9, 271.126812, 3036.620290
24, 10, 210.019257, 2352.215682
24, 11, 176.492734, 1976.718618
24, 12, 218.462145, 2446.776021
24, 13, 170.657933, 1911.368846
24, 14, 189.553607, 2123.000400
24, 15, 269.263790, 3015.754451
24, 16, 234.157138, 2622.559949
24, 17, 290.600668, 3254.727484
24, 18, 113.151946, 1267.301800
24, 19, 59.931617, 671.234109
24, 20, 170.954456, 1914.689906
24, 21, 231.906428, 2597.351990
24, 22, 224.239824, 2511.486029
24, 23, 216.476175, 2424.533163
24, 24, 0.000000, 0.000000
24, 25, 166.423749, 1863.945984
24, 26, 193.981050, 2172.587756
24, 27, 233.303933, 2613.004049
24, 28, 178.282923, 1996.768739
24, 29, 227.658111, 2549.770847
24, 30, 232.036141, 2598.804779
24, 31, 231.289957, 2590.447515
24, 32, 252.196147, 2824.596851
24, 33, 233.352719, 2613.550447
24, 34, 186.975960, 2094.130747
24, 35, 153.721963, 1721.685985
24, 36, 96.424073, 1079.949615
24, 37, 169.825086, 1902.040968
24, 38, 108.298924, 1212.947952
24, 39, 185.729726, 2080.172931
24, 40, 226.954252, 2541.887620
24, 41, 50.920864, 570.313679
24, 42, 246.747320, 2763.569978
24, 43, 136.305394, 1526.620415
24, 44, 95.329365, 1067.688887
24, 45, 44.001068, 492.811958
24, 46, 280.304202, 3139.407067
24, 47, 156.087152, 1748.176104
24, 48, 290.917819, 3258.279574
24, 49, 75.604509, 846.770504
24, 50, 163.507590, 1831.285014
25, 0, 389.647452, 4364.051465
25, 1, 151.857502, 1700.804022
25, 2, 227.217762, 2544.838937
25, 3, 102.036391, 1142.807580
25, 4, 203.801314, 2282.574716
25, 5, 283.638026, 3176.745886
25, 6, 110.347718, 1235.894438
25, 7, 97.398025, 1090.857880
25, 8, 190.687323, 2135.698018
25, 9, 356.543603, 3993.288349
25, 10, 328.162798, 3675.423340
25, 11, 270.817663, 3033.157828
25, 12, 171.587392, 1921.778793
25, 13, 192.183548, 2152.455736
25, 14, 169.319250, 1896.375602
25, 15, 208.127981, 2331.033386
25, 16, 210.927846, 2362.391878
25, 17, 341.595052, 3825.864579
25, 18, 80.976498, 906.936778
25, 19, 182.186314, 2040.486721
25, 20, 28.322524, 317.212271
25, 21, 336.508258, 3768.892494
25, 22, 155.491503, 1741.504836
25, 23, 174.856935, 1958.397675
25, 24, 166.423749, 1863.945984
25, 25, 0.000000, 0.000000
25, 26, 213.724584, 2393.715341
25, 27, 110.754242, 1240.447515
25, 28, 245.568226, 2750.364133
25, 29, 97.744916, 1094.743059
25, 30, 195.193665, 2186.169048
25, 31, 188.202267, 2107.865387
25, 32, 191.060338, 2139.875787
25, 33, 299.895507, 3358.829680
25, 34, 177.639436, 1989.561680
25, 35, 283.185612, 3171.678859
25, 36, 125.129563, 1401.451104
25, 37, 142.349980, 1594.319774
25, 38, 209.930175, 2351.217964
25, 39, 127.118101, 1423.722735
25, 40, 243.970738, 2732.472264
25, 41, 190.639757, 2135.165277
25, 42, 301.505015, 3376.856170
25, 43, 66.806132, 748.228682
25, 44, 124.034855, 1389.190377
25, 45, 175.027050, 1960.302965
25, 46, 378.509805, 4239.309820
25, 47, 245.789726, 2752.844931
25, 48, 341.113532, 3820.471554
25, 49, 212.344924, 2378.263145
25, 50, 94.759270, 1061.303821
26, 0, 200.314345, 2243.520665
26, 1, 315.901636, 3538.098324
26, 2, 55.369101, 620.133934
26, 3, 164.466239, 1842.021876
26, 4, 67.007132, 750.479880
26, 5, 94.933122, 1063.250967
26, 6, 235.734638, 2640.227947
26, 7, 194.766624, 2181.386183
26, 8, 80.767013, 904.590546
26, 9, 167.210495, 1872.757549
26, 10, 157.417465, 1763.075613
26, 11, 128.055674, 1434.223546
26, 12, 106.630270, 1194.259018
26, 13, 28.742397, 321.914850
26, 14, 301.860090, 3380.833010
26, 15, 372.172115, 4168.327688
26, 16, 74.209695, 831.148582
26, 17, 144.812539, 1621.900433
26, 18, 206.363419, 2311.270287
26, 19, 188.316805, 2109.148216
26, 20, 213.757425, 2394.083161
26, 21, 150.156717, 1681.755235
26, 22, 158.918026, 1779.881895
26, 23, 78.613043, 880.466082
26, 24, 193.981050, 2172.587756
26, 25, 213.724584, 2393.715341
26, 26, 0.000000, 0.000000
26, 27, 219.402958, 2457.313125
26, 28, 350.495329, 3925.547682
26, 29, 257.955329, 2889.099689
26, 30, 85.273355, 955.061575
26, 31, 352.246401, 3945.159689
26, 32, 355.104472, 3977.170089
26, 33, 111.190604, 1245.334762
26, 34, 310.180276, 3474.019088
26, 35, 151.327435, 1694.867273
26, 36, 250.516483, 2805.784613
26, 37, 274.890820, 3078.777182
26, 38, 107.030925, 1198.746361
26, 39, 141.928819, 1589.602772
26, 40, 394.485737, 4418.240250
26, 41, 223.133270, 2499.092621
26, 42, 112.053447, 1254.998607
26, 43, 175.062368, 1960.698523
26, 44, 249.421776, 2793.523886
26, 45, 216.213473, 2421.590901
26, 46, 189.804902, 2125.814901
26, 47, 108.627522, 1216.628244
26, 48, 145.129690, 1625.452523
26, 49, 177.274938, 1985.479303
26, 50, 157.189118, 1760.518117
27, 0, 401.561710, 4497.491155
27, 1, 192.916328, 2160.662870
27, 2, 228.750361, 2562.004039
27, 3, 96.366658, 1079.306571
27, 4, 201.418252, 2255.884426
27, 5, 295.552284, 3310.185576
27, 6, 181.063796, 2027.914514
27, 7, 155.734348, 1744.224696
27, 8, 188.304261, 2109.007728
27, 9, 368.457861, 4126.728039
27, 10, 340.077056, 3808.863030
27, 11, 282.731921, 3166.597518
27, 12, 169.204331, 1895.088503
27, 13, 197.861921, 2216.053520
27, 14, 210.378076, 2356.234450
27, 15, 249.186807, 2790.892234
27, 16, 208.544785, 2335.701588
27, 17, 347.273425, 3889.462363
27, 18, 148.884910, 1667.510994
27, 19, 233.306869, 2613.036937
27, 20, 85.784343, 960.784644
27, 21, 348.422516, 3902.332185
27, 22, 145.754399, 1632.449268
27, 23, 172.473874, 1931.707385
27, 24, 233.303933, 2613.004049
27, 25, 110.754242, 1240.447515
27, 26, 219.402958, 2457.313125
27, 27, 0.000000, 0.000000
27, 28, 292.945789, 3280.992837
27, 29, 94.429812, 1057.613891
27, 30, 192.810603, 2159.478758
27, 31, 229.261092, 2567.724234
27, 32, 232.119164, 2599.734634
27, 33, 311.809765, 3492.269371
27, 34, 218.698261, 2449.420527
27, 35, 297.146833, 3328.044534
27, 36, 197.906535, 2216.553197
27, 37, 183.408806, 2054.178622
27, 38, 225.432751, 2524.846807
27, 39, 143.772235, 1610.249030
27, 40, 285.029564, 3192.331112
27, 41, 263.416729, 2950.267370
27, 42, 313.419273, 3510.295860
27, 43, 125.142455, 1401.595498
27, 44, 196.811828, 2204.292470
27, 45, 247.804023, 2775.405058
27, 46, 390.424063, 4372.749510
27, 47, 257.703984, 2886.284621
27, 48, 346.791905, 3884.069338
27, 49, 263.465479, 2950.813361
27, 50, 89.089537, 997.802812
28, 0, 418.818857, 4690.771193
28, 1, 125.611107, 1406.844398
28, 2, 384.448325, 4305.821238
28, 3, 267.256466, 2993.272418
28, 4, 368.381772, 4125.875850
28, 5, 375.632879, 4207.088242
28, 6, 152.905790, 1712.544851
28, 7, 212.295553, 2377.710188
28, 8, 355.267781, 3978.999152
28, 9, 393.207909, 4403.928586
28, 10, 332.100355, 3719.523978
28, 11, 306.893010, 3437.201717
28, 12, 336.167851, 3765.079927
28, 13, 327.172212, 3664.328772
28, 14, 127.377424, 1426.627146
28, 15, 214.445119, 2401.785338
28, 16, 375.508305, 4205.693012
28, 17, 436.483638, 4888.616748
28, 18, 171.773729, 1923.865760
28, 19, 196.098755, 2196.306061
28, 20, 226.917064, 2541.471118
28, 21, 353.987526, 3964.660286
28, 22, 320.711578, 3591.969674
28, 23, 339.437394, 3801.698809
28, 24, 178.282923, 1996.768739
28, 25, 245.568226, 2750.364133
28, 26, 350.495329, 3925.547682
28, 27, 292.945789, 3280.992837
28, 28, 0.000000, 0.000000
28, 29, 238.209907, 2667.950960
28, 30, 359.774123, 4029.470182
28, 31, 100.597117, 1126.687714
28, 32, 164.996850, 1847.964724
28, 33, 372.584768, 4172.949406
28, 34, 98.094468, 1098.658046
28, 35, 275.803061, 3088.994281
28, 36, 170.567109, 1910.351615
28, 37, 154.057697, 1725.446203
28, 38, 264.813203, 2965.907879
28, 39, 284.348664, 3184.705037
28, 40, 88.402178, 990.104395
28, 41, 141.677856, 1586.791983
28, 42, 403.261599, 4516.529905
28, 43, 232.026207, 2598.693520
28, 44, 169.472401, 1898.090888
28, 45, 149.743533, 1677.127568
28, 46, 402.385300, 4506.715363
28, 47, 295.319202, 3307.575063
28, 48, 447.432098, 5011.239500
28, 49, 197.772067, 2215.047152
28, 50, 259.979345, 2911.768659
29, 0, 433.878198, 4859.435813
29, 1, 138.180446, 1547.620992
29, 2, 271.448508, 3040.223285
29, 3, 123.943270, 1388.164625
29, 4, 246.068700, 2755.969436
29, 5, 327.868771, 3672.130234
29, 6, 148.998491, 1668.783094
29, 7, 167.759807, 1878.909843
29, 8, 232.954709, 2609.092738
29, 9, 400.774348, 4488.672697
29, 10, 372.393544, 4170.807688
29, 11, 315.048409, 3528.542176
29, 12, 213.854778, 2395.173513
29, 13, 236.414293, 2647.840084
29, 14, 155.642194, 1743.192572
29, 15, 194.450925, 2177.850356
29, 16, 253.195232, 2835.786598
29, 17, 385.825797, 4321.248927
29, 18, 116.819605, 1308.379574
29, 19, 243.420677, 2726.311584
29, 20, 72.775017, 815.080189
29, 21, 380.739004, 4264.276842
29, 22, 197.758889, 2214.899556
29, 23, 217.124321, 2431.792395
29, 24, 227.658111, 2549.770847
29, 25, 97.744916, 1094.743059
29, 26, 257.955329, 2889.099689
29, 27, 94.429812, 1057.613891
29, 28, 238.209907, 2667.950960
29, 29, 0.000000, 0.000000
29, 30, 237.461051, 2659.563768
29, 31, 174.525210, 1954.682357
29, 32, 177.383282, 1986.692757
29, 33, 344.126253, 3854.214028
29, 34, 163.962379, 1836.378650
29, 35, 329.463321, 3689.989192
29, 36, 165.841230, 1857.421777
29, 37, 128.672924, 1441.136744
29, 38, 257.749238, 2886.791465
29, 39, 171.348847, 1919.107084
29, 40, 230.293682, 2579.289234
29, 41, 231.351424, 2591.135950
29, 42, 345.735761, 3872.240518
29, 43, 140.759231, 1576.503392
29, 44, 164.746522, 1845.161050
29, 45, 215.738718, 2416.273638
29, 46, 422.740551, 4734.694168
29, 47, 290.020471, 3248.229279
29, 48, 385.344277, 4315.855902
29, 49, 273.579286, 3064.088008
29, 50, 116.666149, 1306.660866
30, 0, 268.645629, 3008.831046
30, 1, 304.720613, 3412.870864
30, 2, 86.230955, 965.786694
30, 3, 143.971960, 1612.485955
30, 4, 47.479707, 531.772714
30, 5, 163.264406, 1828.561348
30, 6, 224.553615, 2515.000487
30, 7, 183.585600, 2056.158723
30, 8, 21.973513, 246.103346
30, 9, 235.541779, 2638.067930
30, 10, 225.748749, 2528.385994
30, 11, 179.839610, 2014.203636
30, 12, 69.534983, 778.791812
30, 13, 67.109743, 751.629118
30, 14, 290.679067, 3255.605550
30, 15, 360.991092, 4043.100228
30, 16, 54.606239, 611.589876
30, 17, 211.605290, 2369.979249
30, 18, 195.182395, 2186.042827
30, 19, 226.371896, 2535.365239
30, 20, 193.263146, 2164.547240
30, 21, 218.488001, 2447.065616
30, 22, 128.591530, 1440.225136
30, 23, 41.517757, 464.998876
30, 24, 232.036141, 2598.804779
30, 25, 195.193665, 2186.169048
30, 26, 85.273355, 955.061575
30, 27, 192.810603, 2159.478758
30, 28, 359.774123, 4029.470182
30, 29, 237.461051, 2659.563768
30, 30, 0.000000, 0.000000
30, 31, 341.065378, 3819.932229
30, 32, 343.923449, 3851.942629
30, 33, 179.521888, 2010.645143
30, 34, 298.999252, 3348.791627
30, 35, 197.511586, 2212.129767
30, 36, 239.335460, 2680.557153
30, 37, 263.709797, 2953.549722
30, 38, 145.086016, 1624.963384
30, 39, 144.739237, 1621.079451
30, 40, 383.304713, 4293.012790
30, 41, 261.188361, 2925.309645
30, 42, 180.384731, 2020.308988
30, 43, 156.531449, 1753.152229
30, 44, 238.240752, 2668.296426
30, 45, 254.268565, 2847.807924
30, 46, 258.136186, 2891.125282
30, 47, 154.811673, 1733.890739
30, 48, 210.371458, 2356.160333
30, 49, 216.297876, 2422.536208
30, 50, 136.694839, 1530.982196
31, 0, 471.825890, 5284.449970
31, 1, 61.926410, 693.575795
31, 2, 365.739579, 4096.283285
31, 3, 239.625108, 2683.801212
31, 4, 349.673027, 3916.337897
31, 5, 422.159842, 4728.190234
31, 6, 141.946183, 1589.797253
31, 7, 198.633004, 2224.689648
31, 8, 336.559036, 3769.461199
31, 9, 446.214943, 4997.607362
31, 10, 385.107389, 4313.202754
31, 11, 359.900044, 4030.880493
31, 12, 317.459105, 3555.541974
31, 13, 330.705365, 3703.900084
31, 14, 79.469735, 890.061027
31, 15, 147.575826, 1652.849252
31, 16, 356.799559, 3996.155059
31, 17, 480.116869, 5377.308927
31, 18, 152.482942, 1707.808950
31, 19, 249.105789, 2789.984837
31, 20, 163.232367, 1828.202516
31, 21, 406.994559, 4558.339062
31, 22, 302.002832, 3382.431721
31, 23, 320.728648, 3592.160856
31, 24, 231.289957, 2590.447515
31, 25, 188.202267, 2107.865387
31, 26, 352.246401, 3945.159689
31, 27, 229.261092, 2567.724234
31, 28, 100.597117, 1126.687714
31, 29, 174.525210, 1954.682357
31, 30, 341.065378, 3819.932229
31, 31, 0.000000, 0.000000
31, 32, 98.127557, 1099.028638
31, 33, 425.591802, 4766.628183
31, 34, 50.186779, 562.091927
31, 35, 328.810094, 3682.673057
31, 36, 186.744195, 2091.534985
31, 37, 106.059544, 1187.866893
31, 38, 302.037735, 3382.822632
31, 39, 265.639918, 2975.167084
31, 40, 92.680892, 1038.025989
31, 41, 194.684889, 2180.470759
31, 42, 440.026832, 4928.300518
31, 43, 213.317461, 2389.155567
31, 44, 185.649487, 2079.274257
31, 45, 202.750566, 2270.806344
31, 46, 455.392334, 5100.394139
31, 47, 348.326236, 3901.253839
31, 48, 479.635348, 5371.915902
31, 49, 250.779101, 2808.725928
31, 50, 232.347987, 2602.297453
32, 0, 504.454929, 5649.895202
32, 1, 98.683796, 1105.258510
32, 2, 368.597650, 4128.293685
32, 3, 242.483180, 2715.811612
32, 4, 352.531098, 3948.348297
32, 5, 425.017914, 4760.200634
32, 6, 146.986195, 1646.245382
32, 7, 201.491076, 2256.700048
32, 8, 339.417107, 3801.471599
32, 9, 478.843982, 5363.052594
32, 10, 430.434751, 4820.869209
32, 11, 373.089616, 4178.603697
32, 12, 320.317176, 3587.552374
32, 13, 333.563436, 3735.910484
32, 14, 135.886886, 1521.933121
32, 15, 80.572716, 902.414423
32, 16, 359.657630, 4028.165459
32, 17, 482.974940, 5409.319327
32, 18, 155.341013, 1739.819350
32, 19, 277.151945, 3104.101789
32, 20, 166.090439, 1860.212916
32, 21, 439.623598, 4923.784295
32, 22, 304.860904, 3414.442121
32, 23, 323.586719, 3624.171256
32, 24, 252.196147, 2824.596851
32, 25, 191.060338, 2139.875787
32, 26, 355.104472, 3977.170089
32, 27, 232.119164, 2599.734634
32, 28, 164.996850, 1847.964724
32, 29, 177.383282, 1986.692757
32, 30, 343.923449, 3851.942629
32, 31, 98.127557, 1099.028638
32, 32, 0.000000, 0.000000
32, 33, 429.949601, 4815.435527
32, 34, 114.586512, 1283.368936
32, 35, 378.151244, 4235.293927
32, 36, 189.602266, 2123.545385
32, 37, 108.917615, 1219.877293
32, 38, 304.895806, 3414.833032
32, 39, 268.497990, 3007.177484
32, 40, 157.080625, 1759.302999
32, 41, 255.112460, 2857.259557
32, 42, 442.884903, 4960.310918
32, 43, 216.175533, 2421.165967
32, 44, 188.507559, 2111.284657
32, 45, 239.499754, 2682.397246
32, 46, 488.021372, 5465.839371
32, 47, 352.684034, 3950.061183
32, 48, 482.493420, 5403.926302
32, 49, 302.279522, 3385.530651
32, 50, 235.206058, 2634.307853
33, 0, 115.770295, 1296.627302
33, 1, 390.746764, 4376.363762
33, 2, 122.383475, 1370.694924
33, 3, 250.637162, 2807.136215
33, 4, 145.287200, 1627.216645
33, 5, 21.384341, 239.504624
33, 6, 305.533569, 3421.975972
33, 7, 260.119238, 2913.335468
33, 8, 175.015546, 1960.174113
33, 9, 83.884992, 939.511914
33, 10, 76.613379, 858.069840
33, 11, 79.776423, 893.495932
33, 12, 200.878802, 2249.842586
33, 13, 122.990930, 1377.498417
33, 14, 374.547810, 4194.935471
33, 15, 447.017243, 5006.593126
33, 16, 151.586739, 1697.771477
33, 17, 99.931256, 1119.230072
33, 18, 281.712167, 3155.176275
33, 19, 202.657888, 2269.768351
33, 20, 299.928348, 3359.197501
33, 21, 69.352631, 776.749463
33, 22, 251.324834, 2814.838140
33, 23, 172.861576, 1936.049649
33, 24, 233.352719, 2613.550447
33, 25, 299.895507, 3358.829680
33, 26, 111.190604, 1245.334762
33, 27, 311.809765, 3492.269371
33, 28, 372.584768, 4172.949406
33, 29, 344.126253, 3854.214028
33, 30, 179.521888, 2010.645143
33, 31, 425.591802, 4766.628183
33, 32, 429.949601, 4815.435527
33, 33, 0.000000, 0.000000
33, 34, 381.277805, 4270.311414
33, 35, 118.096104, 1322.676366
33, 36, 293.325461, 3285.245158
33, 37, 347.578540, 3892.879643
33, 38, 158.187687, 1771.702094
33, 39, 193.085581, 2162.558506
33, 40, 421.256097, 4718.068287
33, 41, 244.602083, 2739.543328
33, 42, 62.319970, 697.983667
33, 43, 261.233291, 2925.812862
33, 44, 292.230753, 3272.984431
33, 45, 240.902455, 2698.107502
33, 46, 104.533831, 1170.778905
33, 47, 80.502026, 901.622690
33, 48, 104.519248, 1170.615576
33, 49, 185.829736, 2081.293048
33, 50, 243.360041, 2725.632456
34, 0, 427.511893, 4788.133201
34, 1, 75.200769, 842.248610
34, 2, 323.673454, 3625.142684
34, 3, 206.481595, 2312.593863
34, 4, 307.606901, 3445.197296
34, 5, 378.395607, 4238.030796
34, 6, 97.632186, 1093.480484
34, 7, 154.409471, 1729.386070
34, 8, 294.492910, 3298.320598
34, 9, 401.900946, 4501.290594
34, 10, 340.793392, 3816.885986
34, 11, 315.586047, 3534.563725
34, 12, 275.392980, 3084.401373
34, 13, 288.639239, 3232.759482
34, 14, 35.155737, 393.744258
34, 15, 161.274714, 1806.276798
34, 16, 314.733434, 3525.014457
34, 17, 438.050743, 4906.168325
34, 18, 110.229553, 1234.570994
34, 19, 204.791792, 2293.668069
34, 20, 152.669536, 1709.898809
34, 21, 362.680562, 4062.022294
34, 22, 259.936707, 2911.291119
34, 23, 278.662523, 3121.020254
34, 24, 186.975960, 2094.130747
34, 25, 177.639436, 1989.561680
34, 26, 310.180276, 3474.019088
34, 27, 218.698261, 2449.420527
34, 28, 98.094468, 1098.658046
34, 29, 163.962379, 1836.378650
34, 30, 298.999252, 3348.791627
34, 31, 50.186779, 562.091927
34, 32, 114.586512, 1283.368936
34, 33, 381.277805, 4270.311414
34, 34, 0.000000, 0.000000
34, 35, 284.496097, 3186.356289
34, 36, 142.520661, 1596.231406
34, 37, 61.836010, 692.563315
34, 38, 257.814201, 2887.519054
34, 39, 223.573793, 2504.026482
34, 40, 90.178243, 1009.996321
34, 41, 150.370892, 1684.153991
34, 42, 396.262596, 4438.141080
34, 43, 171.251336, 1918.014965
34, 44, 141.425953, 1583.970679
34, 45, 158.436569, 1774.489576
34, 46, 411.078337, 4604.077371
34, 47, 304.012238, 3404.937071
34, 48, 437.569223, 4900.775300
34, 49, 206.465104, 2312.409160
34, 50, 199.204474, 2231.090104
35, 0, 157.523602, 1764.264341
35, 1, 338.948407, 3796.222162
35, 2, 177.568227, 1988.764142
35, 3, 235.974230, 2642.911379
35, 4, 189.679706, 2124.412711
35, 5, 121.144214, 1356.815201
35, 6, 253.096476, 2834.680526
35, 7, 208.320881, 2333.193869
35, 8, 193.005244, 2161.658737
35, 9, 131.912655, 1477.421734
35, 10, 79.019709, 885.020738
35, 11, 41.943973, 469.772500
35, 12, 203.226103, 2276.132353
35, 13, 134.371361, 1504.959241
35, 14, 287.143136, 3216.003121
35, 15, 395.218886, 4426.451526
35, 16, 198.377592, 2221.829026
35, 17, 175.188384, 1962.109895
35, 18, 229.913810, 2575.034676
35, 19, 127.200974, 1424.650907
35, 20, 285.265416, 3194.972664
35, 21, 92.692271, 1038.153434
35, 22, 236.661902, 2650.613304
35, 23, 190.851274, 2137.534273
35, 24, 153.721963, 1721.685985
35, 25, 283.185612, 3171.678859
35, 26, 151.327435, 1694.867273
35, 27, 297.146833, 3328.044534
35, 28, 275.803061, 3088.994281
35, 29, 329.463321, 3689.989192
35, 30, 197.511586, 2212.129767
35, 31, 328.810094, 3682.673057
35, 32, 378.151244, 4235.293927
35, 33, 118.096104, 1322.676366
35, 34, 284.496097, 3186.356289
35, 35, 0.000000, 0.000000
35, 36, 196.630213, 2202.258385
35, 37, 295.780182, 3312.738044
35, 38, 113.787363, 1274.418470
35, 39, 178.422649, 1998.333669
35, 40, 324.474389, 3634.113162
35, 41, 147.765787, 1654.976811
35, 42, 151.092157, 1692.232161
35, 43, 245.541424, 2750.063951
35, 44, 195.535505, 2189.997658
35, 45, 144.207208, 1615.120728
35, 46, 141.090046, 1580.208510
35, 47, 54.015562, 604.974297
35, 48, 186.812294, 2092.297691
35, 49, 89.156683, 998.554847
35, 50, 228.697109, 2561.407620
36, 0, 339.646009, 3804.035297
36, 1, 150.399430, 1684.473620
36, 2, 264.009662, 2956.908210
36, 3, 146.817803, 1644.359389
36, 4, 247.943109, 2776.962821
36, 5, 296.373571, 3319.383994
36, 6, 62.301766, 697.779779
36, 7, 91.856889, 1028.797160
36, 8, 234.829118, 2630.086123
36, 9, 314.035062, 3517.192690
36, 10, 252.927507, 2832.788082
36, 11, 227.720163, 2550.465821
36, 12, 215.729187, 2416.166898
36, 13, 228.975447, 2564.525008
36, 14, 134.200476, 1503.045329
36, 15, 206.669909, 2314.702984
36, 16, 255.069641, 2856.779983
36, 17, 357.310790, 4001.880852
36, 18, 51.335065, 574.952731
36, 19, 116.839448, 1308.601813
36, 20, 115.474817, 1293.317954
36, 21, 274.814678, 3077.924390
36, 22, 200.272915, 2243.056645
36, 23, 218.998730, 2452.785780
36, 24, 96.424073, 1079.949615
36, 25, 125.129563, 1401.451104
36, 26, 250.516483, 2805.784613
36, 27, 197.906535, 2216.553197
36, 28, 170.567109, 1910.351615
36, 29, 165.841230, 1857.421777
36, 30, 239.335460, 2680.557153
36, 31, 186.744195, 2091.534985
36, 32, 189.602266, 2123.545385
36, 33, 293.325461, 3285.245158
36, 34, 142.520661, 1596.231406
36, 35, 196.630213, 2202.258385
36, 36, 0.000000, 0.000000
36, 37, 107.231205, 1200.989501
36, 38, 182.954353, 2049.088754
36, 39, 163.910001, 1835.792008
36, 40, 219.238437, 2455.470496
36, 41, 74.006051, 828.867773
36, 42, 321.402748, 3599.710780
36, 43, 111.587544, 1249.780491
36, 44, 4.740796, 53.096910
36, 45, 55.732991, 624.209499
36, 46, 323.212452, 3619.979467
36, 47, 216.059894, 2419.870815
36, 48, 365.573248, 4094.420375
36, 49, 118.512759, 1327.342904
36, 50, 139.540681, 1562.855630
37, 0, 422.083868, 4727.339318
37, 1, 69.714779, 780.805528
37, 2, 288.383998, 3229.900778
37, 3, 171.192139, 1917.351958
37, 4, 272.317446, 3049.955390
37, 5, 343.106151, 3842.788890
37, 6, 64.615134, 723.689498
37, 7, 119.120015, 1334.144165
37, 8, 259.203455, 2903.078692
37, 9, 396.472921, 4440.496711
37, 10, 348.063690, 3898.313326
37, 11, 290.718555, 3256.047814
37, 12, 240.103524, 2689.159467
37, 13, 253.349784, 2837.517577
37, 14, 53.515825, 599.377237
37, 15, 125.985258, 1411.034892
37, 16, 279.443978, 3129.772552
37, 17, 402.761287, 4510.926420
37, 18, 74.940097, 839.329089
37, 19, 194.780884, 2181.545905
37, 20, 117.380081, 1314.656903
37, 21, 357.252537, 4001.228411
37, 22, 224.647251, 2516.049214
37, 23, 243.373067, 2725.778349
37, 24, 169.825086, 1902.040968
37, 25, 142.349980, 1594.319774
37, 26, 274.890820, 3078.777182
37, 27, 183.408806, 2054.178622
37, 28, 154.057697, 1725.446203
37, 29, 128.672924, 1441.136744
37, 30, 263.709797, 2953.549722
37, 31, 106.059544, 1187.866893
37, 32, 108.917615, 1219.877293
37, 33, 347.578540, 3892.879643
37, 34, 61.836010, 692.563315
37, 35, 295.780182, 3312.738044
37, 36, 107.231205, 1200.989501
37, 37, 0.000000, 0.000000
37, 38, 222.524745, 2492.277148
37, 39, 188.284337, 2108.784576
37, 40, 146.141471, 1636.784478
37, 41, 172.741399, 1934.703674
37, 42, 360.973141, 4042.899174
37, 43, 135.961880, 1522.773060
37, 44, 106.136498, 1188.728774
37, 45, 157.128693, 1759.841362
37, 46, 405.650311, 4543.283488
37, 47, 270.312973, 3027.505300
37, 48, 402.279767, 4505.533395
37, 49, 219.908461, 2462.974767
37, 50, 163.915018, 1835.848199
38, 0, 240.091049, 2689.019744
38, 1, 265.692970, 2975.761267
38, 2, 145.457955, 1629.129100
38, 3, 164.260147, 1839.713652
38, 4, 138.509129, 1551.302240
38, 5, 141.930205, 1589.618300
38, 6, 180.479775, 2021.373477
38, 7, 135.065444, 1512.732973
38, 8, 140.579674, 1574.492354
38, 9, 213.801601, 2394.577932
38, 10, 166.070871, 1859.993752
38, 11, 108.725736, 1217.728240
38, 12, 131.512020, 1472.934626
38, 13, 83.707808, 937.527451
38, 14, 249.494016, 2794.332976
38, 15, 321.963449, 3605.990631
38, 16, 147.207014, 1648.718554
38, 17, 203.650544, 2280.886089
38, 18, 156.658373, 1754.573780
38, 19, 102.634680, 1149.508412
38, 20, 213.551334, 2391.774937
38, 21, 175.259718, 1962.908837
38, 22, 164.947819, 1847.415577
38, 23, 129.526051, 1450.691768
38, 24, 108.298924, 1212.947952
38, 25, 209.930175, 2351.217964
38, 26, 107.030925, 1198.746361
38, 27, 225.432751, 2524.846807
38, 28, 264.813203, 2965.907879
38, 29, 257.749238, 2886.791465
38, 30, 145.086016, 1624.963384
38, 31, 302.037735, 3382.822632
38, 32, 304.895806, 3414.833032
38, 33, 158.187687, 1771.702094
38, 34, 257.814201, 2887.519054
38, 35, 113.787363, 1274.418470
38, 36, 182.954353, 2049.088754
38, 37, 222.524745, 2492.277148
38, 38, 0.000000, 0.000000
38, 39, 106.708566, 1195.135942
38, 40, 313.484532, 3511.026760
38, 41, 137.451144, 1539.452818
38, 42, 159.797195, 1789.728584
38, 43, 172.285987, 1929.603055
38, 44, 181.859645, 2036.828027
38, 45, 130.531348, 1461.951097
38, 46, 223.657492, 2504.963914
38, 47, 88.320154, 989.185726
38, 48, 203.967695, 2284.438179
38, 49, 122.346754, 1370.283644
38, 50, 156.983026, 1758.209893
39, 0, 282.837526, 3167.780291
39, 1, 229.295153, 2568.105719
39, 2, 164.078644, 1837.680810
39, 3, 77.859756, 872.029270
39, 4, 153.229707, 1716.172722
39, 5, 176.828099, 1980.474712
39, 6, 149.128155, 1670.235341
39, 7, 108.160141, 1211.393578
39, 8, 140.232895, 1570.608421
39, 9, 249.733676, 2797.017174
39, 10, 221.352872, 2479.152165
39, 11, 164.007737, 1836.886653
39, 12, 121.132964, 1356.689196
39, 13, 118.605702, 1328.383863
39, 14, 215.253608, 2410.840404
39, 15, 285.565632, 3198.335083
39, 16, 160.473418, 1797.302281
39, 17, 238.548438, 2671.742500
39, 18, 119.756936, 1341.277682
39, 19, 182.339405, 2042.201335
39, 20, 127.150942, 1424.090556
39, 21, 229.698332, 2572.621320
39, 22, 111.275109, 1246.281225
39, 23, 124.402507, 1393.308078
39, 24, 185.729726, 2080.172931
39, 25, 127.118101, 1423.722735
39, 26, 141.928819, 1589.602772
39, 27, 143.772235, 1610.249030
39, 28, 284.348664, 3184.705037
39, 29, 171.348847, 1919.107084
39, 30, 144.739237, 1621.079451
39, 31, 265.639918, 2975.167084
39, 32, 268.497990, 3007.177484
39, 33, 193.085581, 2162.558506
39, 34, 223.573793, 2504.026482
39, 35, 178.422649, 1998.333669
39, 36, 163.910001, 1835.792008
39, 37, 188.284337, 2108.784576
39, 38, 106.708566, 1195.135942
39, 39, 0.000000, 0.000000
39, 40, 307.879254, 3448.247644
39, 41, 217.155870, 2432.145741
39, 42, 194.695089, 2180.584995
39, 43, 88.455885, 990.705917
39, 44, 162.815293, 1823.531281
39, 45, 210.236073, 2354.644020
39, 46, 271.699879, 3043.038645
39, 47, 138.979800, 1556.573756
39, 48, 238.865588, 2675.294590
39, 49, 192.663831, 2157.834904
39, 50, 70.582635, 790.525511
40, 0, 467.490185, 5235.890074
40, 1, 117.694881, 1318.182673
40, 2, 407.978915, 4569.363846
40, 3, 290.787056, 3256.815026
40, 4, 391.912362, 4389.418458
40, 5, 424.304207, 4752.207122
40, 6, 181.937647, 2037.701647
40, 7, 238.714931, 2673.607233
40, 8, 378.798371, 4242.541760
40, 9, 441.879238, 4949.047467
40, 10, 380.771684, 4264.642859
40, 11, 355.564339, 3982.320598
40, 12, 359.698441, 4028.622535
40, 13, 372.944700, 4176.980645
40, 14, 119.461198, 1337.965421
40, 15, 206.528894, 2313.123612
40, 16, 399.038895, 4469.235620
40, 17, 485.154967, 5433.735629
40, 18, 194.535014, 2178.792157
40, 19, 244.770084, 2741.424942
40, 20, 219.000839, 2452.809393
40, 21, 402.658854, 4509.779167
40, 22, 344.242168, 3855.512282
40, 23, 362.967984, 4065.241417
40, 24, 226.954252, 2541.887620
40, 25, 243.970738, 2732.472264
40, 26, 394.485737, 4418.240250
40, 27, 285.029564, 3192.331112
40, 28, 88.402178, 990.104395
40, 29, 230.293682, 2579.289234
40, 30, 383.304713, 4293.012790
40, 31, 92.680892, 1038.025989
40, 32, 157.080625, 1759.302999
40, 33, 421.256097, 4718.068287
40, 34, 90.178243, 1009.996321
40, 35, 324.474389, 3634.113162
40, 36, 219.238437, 2455.470496
40, 37, 146.141471, 1636.784478
40, 38, 313.484532, 3511.026760
40, 39, 307.879254, 3448.247644
40, 40, 0.000000, 0.000000
40, 41, 190.349184, 2131.910864
40, 42, 451.932927, 5061.648786
40, 43, 255.556797, 2862.236128
40, 44, 218.143729, 2443.209769
40, 45, 198.414861, 2222.246449
40, 46, 451.056629, 5051.834244
40, 47, 343.990531, 3852.693944
40, 48, 496.103427, 5556.358381
40, 49, 246.443396, 2760.166033
40, 50, 283.509935, 3175.311267
41, 0, 290.781582, 3256.753723
41, 1, 215.909624, 2418.187793
41, 2, 261.560300, 2929.475361
41, 3, 202.210856, 2264.761583
41, 4, 254.611473, 2851.648501
41, 5, 247.650193, 2773.682163
41, 6, 127.453142, 1427.475189
41, 7, 125.033012, 1400.369737
41, 8, 256.682019, 2874.838615
41, 9, 265.170635, 2969.911116
41, 10, 204.063081, 2285.506508
41, 11, 178.855736, 2003.184247
41, 12, 247.614365, 2773.280887
41, 13, 199.810153, 2237.873712
41, 14, 153.017931, 1713.800823
41, 15, 272.180103, 3048.417157
41, 16, 263.309358, 2949.064815
41, 17, 308.446364, 3454.599278
41, 18, 116.845259, 1308.666904
41, 19, 68.736696, 769.851001
41, 20, 180.985011, 2027.032127
41, 21, 225.950251, 2530.642816
41, 22, 255.665968, 2863.458839
41, 23, 245.628395, 2751.038029
41, 24, 50.920864, 570.313679
41, 25, 190.639757, 2135.165277
41, 26, 223.133270, 2499.092621
41, 27, 263.416729, 2950.267370
41, 28, 141.677856, 1586.791983
41, 29, 231.351424, 2591.135950
41, 30, 261.188361, 2925.309645
41, 31, 194.684889, 2180.470759
41, 32, 255.112460, 2857.259557
41, 33, 244.602083, 2739.543328
41, 34, 150.370892, 1684.153991
41, 35, 147.765787, 1654.976811
41, 36, 74.006051, 828.867773
41, 37, 172.741399, 1934.703674
41, 38, 137.451144, 1539.452818
41, 39, 217.155870, 2432.145741
41, 40, 190.349184, 2131.910864
41, 41, 0.000000, 0.000000
41, 42, 275.899540, 3090.074844
41, 43, 167.780714, 1879.143999
41, 44, 72.911343, 816.607045
41, 45, 22.381474, 250.672507
41, 46, 274.348026, 3072.697893
41, 47, 167.336516, 1874.168985
41, 48, 320.070039, 3584.784439
41, 49, 69.789382, 781.641073
41, 50, 194.933734, 2183.257824
42, 0, 106.306850, 1190.636720
42, 1, 403.682067, 4521.239153
42, 2, 118.475821, 1326.929191
42, 3, 252.246670, 2825.162705
42, 4, 145.673456, 1631.542711
42, 5, 48.187643, 539.701599
42, 6, 318.928170, 3571.995503
42, 7, 273.513839, 3063.354999
42, 8, 175.878389, 1969.837958
42, 9, 73.203000, 819.873603
42, 10, 102.428992, 1147.204710
42, 11, 118.174647, 1323.556042
42, 12, 201.741646, 2259.506431
42, 13, 123.853773, 1387.162262
42, 14, 387.942411, 4344.955002
42, 15, 459.952546, 5151.468517
42, 16, 151.972995, 1702.097544
42, 17, 55.018198, 616.203816
42, 18, 294.143850, 3294.411116
42, 19, 241.056113, 2699.828461
42, 20, 301.537856, 3377.223990
42, 21, 93.873292, 1051.380874
42, 22, 252.934342, 2832.864630
42, 23, 173.724419, 1945.713494
42, 24, 246.747320, 2763.569978
42, 25, 301.505015, 3376.856170
42, 26, 112.053447, 1254.998607
42, 27, 313.419273, 3510.295860
42, 28, 403.261599, 4516.529905
42, 29, 345.735761, 3872.240518
42, 30, 180.384731, 2020.308988
42, 31, 440.026832, 4928.300518
42, 32, 442.884903, 4960.310918
42, 33, 62.319970, 697.983667
42, 34, 396.262596, 4438.141080
42, 35, 151.092157, 1692.232161
42, 36, 321.402748, 3599.710780
42, 37, 360.973141, 4042.899174
42, 38, 159.797195, 1789.728584
42, 39, 194.695089, 2180.584995
42, 40, 451.932927, 5061.648786
42, 41, 275.899540, 3090.074844
42, 42, 0.000000, 0.000000
42, 43, 262.842799, 2943.839351
42, 44, 320.308040, 3587.450053
42, 45, 268.979743, 3012.573123
42, 46, 104.332515, 1168.524166
42, 47, 118.900250, 1331.682800
42, 48, 55.335349, 619.755906
42, 49, 224.227960, 2511.353157
42, 50, 244.969549, 2743.658946
43, 0, 350.985236, 3931.034647
43, 1, 176.972697, 1982.094202
43, 2, 188.555546, 2111.822119
43, 3, 63.374175, 709.790762
43, 4, 165.139098, 1849.557898
43, 5, 244.975810, 2743.729068
43, 6, 96.805699, 1084.223825
43, 7, 58.735809, 657.841062
43, 8, 152.025107, 1702.681200
43, 9, 317.881387, 3560.271530
43, 10, 289.500582, 3242.406521
43, 11, 232.155447, 2600.141009
43, 12, 132.925176, 1488.761975
43, 13, 153.521332, 1719.438918
43, 14, 162.931151, 1824.828888
43, 15, 233.243176, 2612.323566
43, 16, 172.265630, 1929.375059
43, 17, 302.932836, 3392.847761
43, 18, 67.434479, 755.266165
43, 19, 144.542126, 1618.871812
43, 20, 71.336840, 798.972604
43, 21, 297.846042, 3335.875676
43, 22, 116.829287, 1308.488018
43, 23, 136.194719, 1525.380856
43, 24, 136.305394, 1526.620415
43, 25, 66.806132, 748.228682
43, 26, 175.062368, 1960.698523
43, 27, 125.142455, 1401.595498
43, 28, 232.026207, 2598.693520
43, 29, 140.759231, 1576.503392
43, 30, 156.531449, 1753.152229
43, 31, 213.317461, 2389.155567
43, 32, 216.175533, 2421.165967
43, 33, 261.233291, 2925.812862
43, 34, 171.251336, 1918.014965
43, 35, 245.541424, 2750.063951
43, 36, 111.587544, 1249.780491
43, 37, 135.961880, 1522.773060
43, 38, 172.285987, 1929.603055
43, 39, 88.455885, 990.705917
43, 40, 255.556797, 2862.236128
43, 41, 167.780714, 1879.143999
43, 42, 262.842799, 2943.839351
43, 43, 0.000000, 0.000000
43, 44, 110.492836, 1237.519764
43, 45, 160.860918, 1801.642278
43, 46, 339.847589, 3806.293001
43, 47, 207.127510, 2319.828112
43, 48, 302.451316, 3387.454736
43, 49, 174.700735, 1956.648236
43, 50, 56.097054, 628.287003
44, 0, 338.551301, 3791.774570
44, 1, 149.304723, 1672.212892
44, 2, 262.914954, 2944.647482
44, 3, 145.723095, 1632.098662
44, 4, 246.848401, 2764.702094
44, 5, 295.278863, 3307.123266
44, 6, 61.207058, 685.519052
44, 7, 90.762181, 1016.536432
44, 8, 233.734410, 2617.825396
44, 9, 312.940354, 3504.931963
44, 10, 251.832800, 2820.527355
44, 11, 226.625455, 2538.205094
44, 12, 214.634480, 2403.906171
44, 13, 227.880739, 2552.264281
44, 14, 133.105768, 1490.784601
44, 15, 205.575201, 2302.442256
44, 16, 253.974934, 2844.519256
44, 17, 356.216083, 3989.620124
44, 18, 50.240357, 562.692004
44, 19, 115.744740, 1296.341086
44, 20, 114.380109, 1281.057226
44, 21, 273.719970, 3065.663663
44, 22, 199.178207, 2230.795918
44, 23, 217.904023, 2440.525053
44, 24, 95.329365, 1067.688887
44, 25, 124.034855, 1389.190377
44, 26, 249.421776, 2793.523886
44, 27, 196.811828, 2204.292470
44, 28, 169.472401, 1898.090888
44, 29, 164.746522, 1845.161050
44, 30, 238.240752, 2668.296426
44, 31, 185.649487, 2079.274257
44, 32, 188.507559, 2111.284657
44, 33, 292.230753, 3272.984431
44, 34, 141.425953, 1583.970679
44, 35, 195.535505, 2189.997658
44, 36, 4.740796, 53.096910
44, 37, 106.136498, 1188.728774
44, 38, 181.859645, 2036.828027
44, 39, 162.815293, 1823.531281
44, 40, 218.143729, 2443.209769
44, 41, 72.911343, 816.607045
44, 42, 320.308040, 3587.450053
44, 43, 110.492836, 1237.519764
44, 44, 0.000000, 0.000000
44, 45, 54.638283, 611.948771
44, 46, 322.117745, 3607.718740
44, 47, 214.965186, 2407.610088
44, 48, 364.478540, 4082.159648
44, 49, 117.418051, 1315.082177
44, 50, 138.445973, 1550.594903
45, 0, 287.223004, 3216.897641
45, 1, 200.296918, 2243.325481
45, 2, 254.640504, 2851.973640
45, 3, 195.291059, 2187.259862
45, 4, 247.691677, 2774.146780
45, 5, 243.950566, 2732.246337
45, 6, 112.199254, 1256.631640
45, 7, 118.113216, 1322.868016
45, 8, 249.762223, 2797.336894
45, 9, 261.612057, 2930.055033
45, 10, 200.504502, 2245.650425
45, 11, 175.297158, 1963.328164
45, 12, 240.694568, 2695.779166
45, 13, 192.890356, 2160.371991
45, 14, 161.014217, 1803.359228
45, 15, 256.567397, 2873.554845
45, 16, 256.389562, 2871.563094
45, 17, 304.887785, 3414.743195
45, 18, 101.232553, 1133.804592
45, 19, 64.416443, 721.464156
45, 20, 165.372305, 1852.169815
45, 21, 222.391673, 2490.786733
45, 22, 248.746171, 2785.957118
45, 23, 238.708599, 2673.536308
45, 24, 44.001068, 492.811958
45, 25, 175.027050, 1960.302965
45, 26, 216.213473, 2421.590901
45, 27, 247.804023, 2775.405058
45, 28, 149.743533, 1677.127568
45, 29, 215.738718, 2416.273638
45, 30, 254.268565, 2847.807924
45, 31, 202.750566, 2270.806344
45, 32, 239.499754, 2682.397246
45, 33, 240.902455, 2698.107502
45, 34, 158.436569, 1774.489576
45, 35, 144.207208, 1615.120728
45, 36, 55.732991, 624.209499
45, 37, 157.128693, 1759.841362
45, 38, 130.531348, 1461.951097
45, 39, 210.236073, 2354.644020
45, 40, 198.414861, 2222.246449
45, 41, 22.381474, 250.672507
45, 42, 268.979743, 3012.573123
45, 43, 160.860918, 1801.642278
45, 44, 54.638283, 611.948771
45, 45, 0.000000, 0.000000
45, 46, 270.789447, 3032.841810
45, 47, 163.636889, 1832.733158
45, 48, 313.150243, 3507.282718
45, 49, 66.089754, 740.205247
45, 50, 188.013938, 2105.756103
46, 0, 30.638526, 343.151492
46, 1, 448.818536, 5026.767606
46, 2, 200.997774, 2251.175064
46, 3, 329.251460, 3687.616355
46, 4, 223.901499, 2507.696784
46, 5, 99.998640, 1119.984763
46, 6, 363.605341, 4072.379816
46, 7, 318.191010, 3563.739313
46, 8, 253.629844, 2840.654252
46, 9, 45.924271, 514.351834
46, 10, 79.612021, 891.654630
46, 11, 118.556048, 1327.827741
46, 12, 279.493100, 3130.322725
46, 13, 201.605228, 2257.978556
46, 14, 413.725375, 4633.724203
46, 15, 505.089015, 5656.996970
46, 16, 230.201037, 2578.251617
46, 17, 109.984774, 1231.829473
46, 18, 339.783939, 3805.580120
46, 19, 253.783213, 2842.371989
46, 20, 378.542646, 4239.677640
46, 21, 55.578354, 622.477562
46, 22, 329.939132, 3695.318280
46, 23, 251.475874, 2816.529788
46, 24, 280.304202, 3139.407067
46, 25, 378.509805, 4239.309820
46, 26, 189.804902, 2125.814901
46, 27, 390.424063, 4372.749510
46, 28, 402.385300, 4506.715363
46, 29, 422.740551, 4734.694168
46, 30, 258.136186, 2891.125282
46, 31, 455.392334, 5100.394139
46, 32, 488.021372, 5465.839371
46, 33, 104.533831, 1170.778905
46, 34, 411.078337, 4604.077371
46, 35, 141.090046, 1580.208510
46, 36, 323.212452, 3619.979467
46, 37, 405.650311, 4543.283488
46, 38, 223.657492, 2504.963914
46, 39, 271.699879, 3043.038645
46, 40, 451.056629, 5051.834244
46, 41, 274.348026, 3072.697893
46, 42, 104.332515, 1168.524166
46, 43, 339.847589, 3806.293001
46, 44, 322.117745, 3607.718740
46, 45, 270.789447, 3032.841810
46, 46, 0.000000, 0.000000
46, 47, 144.582808, 1619.327444
46, 48, 126.991667, 1422.306672
46, 49, 215.738922, 2416.275928
46, 50, 321.974339, 3606.112596
47, 0, 160.274921, 1795.079114
47, 1, 313.481198, 3510.989419
47, 2, 133.408938, 1494.180107
47, 3, 196.531381, 2201.151466
47, 4, 146.979793, 1646.173683
47, 5, 83.550136, 935.761526
47, 6, 228.268003, 2556.601628
47, 7, 182.853672, 2047.961125
47, 8, 150.305331, 1683.419709
47, 9, 131.319490, 1470.778283
47, 10, 86.996186, 974.357282
47, 11, 29.651051, 332.091770
47, 12, 163.783254, 1834.372440
47, 13, 91.671448, 1026.720213
47, 14, 297.282244, 3329.561128
47, 15, 369.751677, 4141.218783
47, 16, 155.677678, 1743.589998
47, 17, 152.631313, 1709.470711
47, 18, 204.446601, 2289.801932
47, 19, 125.392322, 1404.394008
47, 20, 245.822567, 2753.212751
47, 21, 96.185033, 1077.272367
47, 22, 197.219053, 2208.853391
47, 23, 148.151361, 1659.295245
47, 24, 156.087152, 1748.176104
47, 25, 245.789726, 2752.844931
47, 26, 108.627522, 1216.628244
47, 27, 257.703984, 2886.284621
47, 28, 295.319202, 3307.575063
47, 29, 290.020471, 3248.229279
47, 30, 154.811673, 1733.890739
47, 31, 348.326236, 3901.253839
47, 32, 352.684034, 3950.061183
47, 33, 80.502026, 901.622690
47, 34, 304.012238, 3404.937071
47, 35, 54.015562, 604.974297
47, 36, 216.059894, 2419.870815
47, 37, 270.312973, 3027.505300
47, 38, 88.320154, 989.185726
47, 39, 138.979800, 1556.573756
47, 40, 343.990531, 3852.693944
47, 41, 167.336516, 1874.168985
47, 42, 118.900250, 1331.682800
47, 43, 207.127510, 2319.828112
47, 44, 214.965186, 2407.610088
47, 45, 163.636889, 1832.733158
47, 46, 144.582808, 1619.327444
47, 47, 0.000000, 0.000000
47, 48, 158.647040, 1776.846848
47, 49, 108.564170, 1215.918705
47, 50, 189.254260, 2119.647706
48, 0, 120.314000, 1347.516805
48, 1, 443.290584, 4964.854537
48, 2, 132.255169, 1481.257894
48, 3, 291.855187, 3268.778089
48, 4, 170.275445, 1907.084983
48, 5, 91.018743, 1019.409923
48, 6, 363.098669, 4066.705098
48, 7, 317.684339, 3558.064594
48, 8, 205.865116, 2305.689303
48, 9, 88.570455, 991.989090
48, 10, 138.149129, 1547.270240
48, 11, 157.921437, 1768.720090
48, 12, 231.728373, 2595.357776
48, 13, 156.930016, 1757.616178
48, 14, 429.249038, 4807.589223
48, 15, 499.561063, 5595.083901
48, 16, 176.574984, 1977.639816
48, 17, 18.925425, 211.964760
48, 18, 333.752366, 3738.026500
48, 19, 280.802903, 3144.992509
48, 20, 341.146373, 3820.839374
48, 21, 127.989956, 1433.487505
48, 22, 286.306974, 3206.638108
48, 23, 203.711146, 2281.564839
48, 24, 290.917819, 3258.279574
48, 25, 341.113532, 3820.471554
48, 26, 145.129690, 1625.452523
48, 27, 346.791905, 3884.069338
48, 28, 447.432098, 5011.239500
48, 29, 385.344277, 4315.855902
48, 30, 210.371458, 2356.160333
48, 31, 479.635348, 5371.915902
48, 32, 482.493420, 5403.926302
48, 33, 104.519248, 1170.615576
48, 34, 437.569223, 4900.775300
48, 35, 186.812294, 2092.297691
48, 36, 365.573248, 4094.420375
48, 37, 402.279767, 4505.533395
48, 38, 203.967695, 2284.438179
48, 39, 238.865588, 2675.294590
48, 40, 496.103427, 5556.358381
48, 41, 320.070039, 3584.784439
48, 42, 55.335349, 619.755906
48, 43, 302.451316, 3387.454736
48, 44, 364.478540, 4082.159648
48, 45, 313.150243, 3507.282718
48, 46, 126.991667, 1422.306672
48, 47, 158.647040, 1776.846848
48, 48, 0.000000, 0.000000
48, 49, 261.461170, 2928.365109
48, 50, 284.578065, 3187.274330
49, 0, 232.172478, 2600.331759
49, 1, 263.076686, 2946.458886
49, 2, 215.701968, 2415.862043
49, 3, 197.553000, 2212.593601
49, 4, 209.720988, 2348.875064
49, 5, 188.877847, 2115.431883
49, 6, 174.979022, 1959.765045
49, 7, 137.480192, 1539.778154
49, 8, 211.791534, 2372.065179
49, 9, 206.561531, 2313.489152
49, 10, 145.453977, 1629.084544
49, 11, 120.246632, 1346.762283
49, 12, 217.467285, 2435.633588
49, 13, 154.919667, 1735.100276
49, 14, 209.042751, 2341.278812
49, 15, 319.347165, 3576.688250
49, 16, 218.418873, 2446.291379
49, 17, 249.837260, 2798.177313
49, 18, 159.073122, 1781.618961
49, 19, 49.083520, 549.735426
49, 20, 216.875631, 2429.007067
49, 21, 167.341147, 1874.220852
49, 22, 250.903084, 2810.114539
49, 23, 209.637564, 2347.940715
49, 24, 75.604509, 846.770504
49, 25, 212.344924, 2378.263145
49, 26, 177.274938, 1985.479303
49, 27, 263.465479, 2950.813361
49, 28, 197.772067, 2215.047152
49, 29, 273.579286, 3064.088008
49, 30, 216.297876, 2422.536208
49, 31, 250.779101, 2808.725928
49, 32, 302.279522, 3385.530651
49, 33, 185.829736, 2081.293048
49, 34, 206.465104, 2312.409160
49, 35, 89.156683, 998.554847
49, 36, 118.512759, 1327.342904
49, 37, 219.908461, 2462.974767
49, 38, 122.346754, 1370.283644
49, 39, 192.663831, 2157.834904
49, 40, 246.443396, 2760.166033
49, 41, 69.789382, 781.641073
49, 42, 224.227960, 2511.353157
49, 43, 174.700735, 1956.648236
49, 44, 117.418051, 1315.082177
49, 45, 66.089754, 740.205247
49, 46, 215.738922, 2416.275928
49, 47, 108.564170, 1215.918705
49, 48, 261.461170, 2928.365109
49, 49, 0.000000, 0.000000
49, 50, 190.275879, 2131.089842
50, 0, 333.111986, 3730.854241
50, 1, 196.003222, 2195.236088
50, 2, 170.682296, 1911.641713
50, 3, 23.177058, 259.583053
50, 4, 145.302488, 1627.387864
50, 5, 227.102559, 2543.548662
50, 6, 124.758836, 1397.298964
50, 7, 85.938005, 962.505660
50, 8, 132.188497, 1480.511166
50, 9, 300.008136, 3360.091124
50, 10, 271.627332, 3042.226116
50, 11, 214.282197, 2399.960604
50, 12, 113.088566, 1266.591941
50, 13, 135.648081, 1519.258512
50, 14, 190.884288, 2137.904026
50, 15, 252.273701, 2825.465452
50, 16, 152.429020, 1707.205026
50, 17, 285.059585, 3192.667355
50, 18, 95.387616, 1068.341304
50, 19, 160.117269, 1793.313418
50, 20, 72.468244, 811.644338
50, 21, 279.972792, 3135.695270
50, 22, 96.992677, 1086.317984
50, 23, 116.358109, 1303.210823
50, 24, 163.507590, 1831.285014
50, 25, 94.759270, 1061.303821
50, 26, 157.189118, 1760.518117
50, 27, 89.089537, 997.802812
50, 28, 259.979345, 2911.768659
50, 29, 116.666149, 1306.660866
50, 30, 136.694839, 1530.982196
50, 31, 232.347987, 2602.297453
50, 32, 235.206058, 2634.307853
50, 33, 243.360041, 2725.632456
50, 34, 199.204474, 2231.090104
50, 35, 228.697109, 2561.407620
50, 36, 139.540681, 1562.855630
50, 37, 163.915018, 1835.848199
50, 38, 156.983026, 1758.209893
50, 39, 70.582635, 790.525511
50, 40, 283.509935, 3175.311267
50, 41, 194.933734, 2183.257824
50, 42, 244.969549, 2743.658946
50, 43, 56.097054, 628.287003
50, 44, 138.445973, 1550.594903
50, 45, 188.013938, 2105.756103
50, 46, 321.974339, 3606.112596
50, 47, 189.254260, 2119.647706
50, 48, 284.578065, 3187.274330
50, 49, 190.275879, 2131.089842
50, 50, 0.000000, 0.000000
